0.00016	16.1302	0.134531	16.1307
0.00048	16.9485	0.71832	16.9637
0.0008	15.0388	-0.0424316	15.0388
0.00112	14.7705	0.141582	14.7711
0.00144	14.3019	0.146045	14.3027
0.00176	13.9315	0.0612207	13.9316
0.00208	13.7505	0.289453	13.7536
0.0024	13.4162	0.294092	13.4194
0.00272	13.1365	0.0782129	13.1368
0.00304	12.9053	0.147422	12.9061
0.00336	12.6886	-0.0184863	12.6886
0.00368	12.4517	0.152344	12.4526
0.004	12.2534	0.270137	12.2563
0.00432	12.102	-0.0449023	12.1021
0.00464	11.9562	0.256631	11.9589
0.00496	11.6308	-0.0415039	11.6309
0.00528	11.5452	0.344248	11.5503
0.0056	11.5156	0.290781	11.5193
0.00592	11.2388	0.18085	11.2403
0.00624	11.2892	0.0852149	11.2895
0.00656	10.9103	0.321055	10.915
0.00688	10.8295	0.0314551	10.8296
0.0072	10.6498	0.206914	10.6518
0.00752	10.6417	0.0840723	10.642
0.00784	10.4458	0.326533	10.4509
0.00816	10.4072	-0.0787207	10.4075
0.00848	10.1847	0.26418	10.1881
0.0088	10.0327	0.110234	10.0333
0.00912	10.1841	0.355215	10.1903
0.00944	9.98409	-0.0671289	9.98432
0.00976	9.8879	0.134414	9.88881
0.01008	9.64416	0.159395	9.64548
0.0104	9.68101	0.127705	9.68185
0.01072	9.44157	0.163379	9.44299
0.01104	9.37947	0.0830957	9.37984
0.01136	9.33698	-0.013291	9.33699
0.01168	9.39078	0.282852	9.39504
0.012	9.22198	0.0957324	9.22248
0.01232	9.25847	0.146572	9.25963
0.01264	9.04216	0.157676	9.04353
0.01296	8.98748	0.0489453	8.98761
0.01328	8.92373	0.213096	8.92628
0.0136	8.81813	0.0732813	8.81843
0.01392	8.86972	0.197568	8.87192
0.01424	8.60627	0.0677442	8.60654
0.01456	8.64108	0.0920703	8.64157
0.01488	8.53012	0.107305	8.53079
0.0152	8.42204	0.115244	8.42283
0.01552	8.46886	0.0641406	8.4691
0.01584	8.37251	0.139668	8.37368
0.01616	8.30147	0.0750977	8.3018
0.01648	8.23505	0.17582	8.23693
0.0168	8.0558	0.203428	8.05837
0.01712	8.24536	0.19418	8.24765
0.01744	8.12807	0.0994336	8.12868
0.01776	7.94463	0.174316	7.94654
0.01808	7.82999	0.0791504	7.83039
0.0184	8.01627	0.206934	8.01894
0.01872	7.76071	0.0843359	7.76117
0.01904	7.76767	0.00916993	7.76767
0.01936	7.6773	0.0702441	7.67762
0.01968	7.83081	0.0802246	7.83122
0.02	7.5523	0.0897266	7.55283
0.02032	7.53245	-0.00697266	7.53245
0.02064	7.40059	0.100488	7.40127
0.02096	7.54372	0.0416797	7.54384
0.02128	7.24272	-0.0434082	7.24285
0.0216	7.39902	0.0754102	7.39941
0.02192	7.22382	0.0772754	7.22423
0.02224	7.28394	0.131133	7.28512
0.02256	7.18866	0.0280371	7.18872
0.02288	7.21542	0.103223	7.21616
0.0232	7.28195	-0.00314452	7.28195
0.02352	7.12592	0.113193	7.12682
0.02384	7.17018	0.0116406	7.17019
0.02416	7.02992	0.0547754	7.03014
0.02448	6.94475	0.151631	6.9464
0.0248	6.90534	-0.00508789	6.90534
0.02512	6.80352	0.125859	6.80468
0.02544	7.0074	-0.0693359	7.00775
0.02576	6.83451	0.134492	6.83584
0.02608	6.79018	-0.0255078	6.79022
0.0264	6.73365	0.183164	6.73614
0.02672	6.70304	0.16542	6.70508
0.02704	6.63285	0.145742	6.63445
0.02736	6.54712	0.167793	6.54927
0.02768	6.54607	0.106982	6.54695
0.028	6.56778	0.218857	6.57143
0.02832	6.55879	0.109014	6.5597
0.02864	6.54985	-0.000703124	6.54985
0.02896	6.40205	0.0787305	6.40254
0.02928	6.41713	0.182939	6.41974
0.0296	6.39961	0.078584	6.40009
0.02992	6.31283	0.15043	6.31462
0.03024	6.42121	0.136084	6.42265
0.03056	6.19168	0.0432227	6.19183
0.03088	6.13923	0.100723	6.14006
0.0312	6.27965	0.153652	6.28153
0.03152	6.00654	0.0689649	6.00694
0.03184	6.17945	0.165918	6.18168
0.03216	6.04779	0.106182	6.04873
0.03248	6.07442	0.0299121	6.0745
0.0328	5.94392	0.0434668	5.94408
0.03312	5.92298	0.0224219	5.92302
0.03344	5.92371	0.0605371	5.92402
0.03376	5.90273	0.0769922	5.90323
0.03408	5.85729	0.12207	5.85856
0.0344	5.88135	0.100586	5.88221
0.03472	5.86129	0.0450684	5.86146
0.03504	5.83489	0.173027	5.83746
0.03536	5.95151	0.0338477	5.95161
0.03568	5.63047	0.0404492	5.63061
0.036	5.65478	0.0249707	5.65483
0.03632	5.67562	0.079209	5.67617
0.03664	5.6622	0.0199805	5.66223
0.03696	5.62401	0.0836523	5.62464
0.03728	5.48246	0.260811	5.48866
0.0376	5.50132	0.122773	5.50269
0.03792	5.56968	-0.0434863	5.56985
0.03824	5.39808	0.0505078	5.39831
0.03856	5.43892	0.0786133	5.43949
0.03888	5.2725	0.19585	5.27614
0.0392	5.40332	0.163467	5.40579
0.03952	5.31357	0.104111	5.31459
0.03984	5.37516	0.211484	5.37932
0.04016	5.27769	-0.0246582	5.27774
0.04048	5.2057	0.0633008	5.20609
0.0408	5.37381	0.0775586	5.37437
0.04112	5.23887	0.108291	5.23999
0.04144	5.14401	0.0340723	5.14413
0.04176	5.17469	0.141816	5.17663
0.04208	5.21791	0.0674902	5.21835
0.0424	5.19942	0.159941	5.20188
0.04272	5.19104	0.044375	5.19123
0.04304	5.13673	-0.0139746	5.13675
0.04336	5.01775	0.0689356	5.01823
0.04368	5.19977	-0.070625	5.20025
0.044	4.99916	-0.0789649	4.99978
0.04432	5.22676	0.165225	5.22937
0.04464	5.03901	0.011709	5.03903
0.04496	5.00102	-0.00273438	5.00102
0.04528	4.86538	0.0409766	4.86555
0.0456	4.97235	0.119316	4.97379
0.04592	4.81127	0.131992	4.81308
0.04624	4.90548	0.115127	4.90683
0.04656	4.84432	0.0185547	4.84435
0.04688	4.83519	0.229844	4.84065
0.0472	4.78819	-0.0436621	4.78839
0.04752	4.61429	0.107295	4.61553
0.04784	4.74319	0.114092	4.74457
0.04816	4.74299	0.115977	4.74441
0.04848	4.68568	0.114326	4.68708
0.0488	4.78657	0.184365	4.79012
0.04912	4.75331	-0.0149121	4.75333
0.04944	4.68744	0.101436	4.68854
0.04976	4.62157	-0.0226367	4.62163
0.05008	4.69973	0.0302832	4.69982
0.0504	4.61586	0.0197168	4.6159
0.05072	4.56839	0.218262	4.5736
0.05104	4.53836	0.0527442	4.53867
0.05136	4.65945	0.0554102	4.65978
0.05168	4.39168	0.142441	4.39399
0.052	4.50422	0.169922	4.50742
0.05232	4.4953	0.0612305	4.49572
0.05264	4.40031	0.143389	4.40265
0.05296	4.44032	0.0903418	4.44124
0.05328	4.38894	0.0355176	4.38908
0.0536	4.36382	0.151641	4.36645
0.05392	4.36498	0.143506	4.36734
0.05424	4.29288	0.0182813	4.29292
0.05456	4.28422	0.115352	4.28577
0.05488	4.25467	-0.0218555	4.25472
0.0552	4.24086	0.0864356	4.24174
0.05552	4.31807	0.0433399	4.31828
0.05584	4.20704	0.103467	4.20831
0.05616	4.32527	0.0922949	4.32626
0.05648	4.20922	0.105088	4.21053
0.0568	4.26938	0.199355	4.27403
0.05712	4.18832	0.156807	4.19126
0.05744	4.30964	-0.042959	4.30985
0.05776	4.13164	0.0888965	4.1326
0.05808	4.27674	0.0608301	4.27717
0.0584	4.10036	0.11916	4.10209
0.05872	4.02868	0.170693	4.0323
0.05904	4.22194	-0.0568555	4.22233
0.05936	4.17771	0.0611524	4.17815
0.05968	3.97455	-0.048125	3.97484
0.06	3.95916	0.0284961	3.95926
0.06032	3.98586	0.0648438	3.98639
0.06064	3.96837	-0.0331348	3.96851
0.06096	4.01042	0.15542	4.01343
0.06128	3.82795	0.0536524	3.82833
0.0616	3.95184	0.0833887	3.95272
0.06192	3.89639	0.103584	3.89776
0.06224	3.91144	0.0682422	3.91203
0.06256	3.91355	0.0636914	3.91407
0.06288	4.0929	-0.0474219	4.09318
0.0632	3.85496	-0.0408496	3.85518
0.06352	4.08055	0.0308203	4.08066
0.06384	3.7027	-0.0675098	3.70331
0.06416	3.91013	0.0578711	3.91056
0.06448	3.64278	-0.091416	3.64393
0.0648	3.81624	0.0422363	3.81647
0.06512	3.74958	0.185469	3.75416
0.06544	3.78026	0.0334375	3.78041
0.06576	3.78573	-0.0178613	3.78577
0.06608	3.72431	0.0783496	3.72513
0.0664	3.86476	0.109209	3.8663
0.06672	3.84268	0.129521	3.84486
0.06704	3.70715	0.024043	3.70723
0.06736	3.63108	0.188223	3.63596
0.06768	3.73524	0.0211426	3.7353
0.068	3.59689	0.139961	3.59962
0.06832	3.7281	0.0468262	3.72839
0.06864	3.52268	0.15498	3.52608
0.06896	3.6331	0.132793	3.63552
0.06928	3.75438	0.0458984	3.75467
0.0696	3.52793	0.183184	3.53268
0.06992	3.59027	0.211455	3.5965
0.07024	3.57571	0.0728418	3.57646
0.07056	3.594	0.0886719	3.5951
0.07088	3.70423	0.11582	3.70604
0.0712	3.56894	0.147285	3.57197
0.07152	3.47391	0.0143555	3.47394
0.07184	3.72135	-0.0295117	3.72147
0.07216	3.4231	0.0347363	3.42327
0.07248	3.48888	0.152764	3.49222
0.0728	3.52184	0.123633	3.52401
0.07312	3.50719	-0.035127	3.50736
0.07344	3.43479	0.162803	3.43864
0.07376	3.33879	-0.0582129	3.3393
0.07408	3.45458	-0.0725586	3.45534
0.0744	3.44806	-0.0689649	3.44875
0.07472	3.19533	0.249668	3.20507
0.07504	3.52305	0.00780274	3.52306
0.07536	3.31621	0.00823241	3.31622
0.07568	3.33368	-0.0772852	3.33458
0.076	3.20568	0.0695508	3.20644
0.07632	3.19892	0.0569824	3.19942
0.07664	3.30864	-0.0553125	3.30911
0.07696	3.23269	0.143018	3.23585
0.07728	3.32141	-0.0246875	3.3215
0.0776	3.19608	-0.033584	3.19626
0.07792	3.3375	0.103301	3.3391
0.07824	3.20493	0.0354102	3.20513
0.07856	3.23411	0.0653613	3.23477
0.07888	3.07026	-0.00316406	3.07027
0.0792	3.14857	0.196592	3.15471
0.07952	3.18221	0.114258	3.18426
0.07984	3.23399	0.0315918	3.23415
0.08016	3.36978	0.042793	3.37005
0.08048	3.17124	0.103779	3.17294
0.0808	3.19767	0.00421874	3.19767
0.08112	3.19702	0.044873	3.19734
0.08144	3.1123	0.0835156	3.11343
0.08176	3.13521	0.0824219	3.13629
0.08208	3.19779	0.109082	3.19965
0.0824	3.13095	-0.00024414	3.13095
0.08272	3.1674	0.0750781	3.16829
0.08304	2.95754	0.098623	2.95918
0.08336	2.9826	0.0570996	2.98314
0.08368	3.07549	0.0219727	3.07557
0.084	3.02492	0.134863	3.02793
0.08432	3.05324	0.160098	3.05744
0.08464	3.10115	-0.0903223	3.10247
0.08496	2.94327	0.0260351	2.94339
0.08528	3.09624	0.0783203	3.09723
0.0856	2.96388	0.0276855	2.96401
0.08592	3.04204	0.0177148	3.04209
0.08624	2.91569	-0.0113477	2.91572
0.08656	2.88607	-0.0882813	2.88742
0.08688	2.89216	-0.0548144	2.89268
0.0872	2.93526	0.0682129	2.93606
0.08752	2.94231	0.125254	2.94497
0.08784	2.96405	0.00272461	2.96405
0.08816	2.93699	0.0382227	2.93724
0.08848	2.87843	-0.00111329	2.87843
0.0888	2.77696	0.0442285	2.77732
0.08912	3.03089	0.0673828	3.03164
0.08944	2.71127	-0.0165625	2.71132
0.08976	2.80376	0.209316	2.81156
0.09008	2.712	-0.00298828	2.712
0.0904	2.99892	-0.0646582	2.99961
0.09072	2.68401	0.00452149	2.68402
0.09104	2.94375	0.101348	2.94549
0.09136	2.74166	-0.0174414	2.74172
0.09168	2.89013	-0.0994922	2.89184
0.092	2.55893	0.0381934	2.55921
0.09232	2.83821	0.0634375	2.83892
0.09264	2.79068	0.175449	2.79619
0.09296	2.84556	-0.0679102	2.84637
0.09328	2.84358	0.140957	2.84708
0.0936	2.95702	-0.00110352	2.95702
0.09392	2.85036	-0.0142383	2.8504
0.09424	2.71329	-0.000439462	2.71329
0.09456	2.73264	0.0584082	2.73326
0.09488	2.71421	0.0115723	2.71423
0.0952	2.66712	0.0806738	2.66834
0.09552	2.93213	0.0312695	2.9323
0.09584	2.70921	-0.0322363	2.7094
0.09616	2.62712	0.0466309	2.62753
0.09648	2.62564	-0.0635352	2.6264
0.0968	2.66096	-0.0292676	2.66112
0.09712	2.7619	0.198086	2.769
0.09744	2.76717	0.107031	2.76924
0.09776	2.59495	0.0492383	2.59542
0.09808	2.64982	0.14042	2.65354
0.0984	2.62927	0.194893	2.63648
0.09872	2.54992	0.116807	2.5526
0.09904	2.61975	-0.0690137	2.62066
0.09936	2.51275	0.045166	2.51316
0.09968	2.62939	0.0781348	2.63056
0.1	2.55646	0.145449	2.56059
0.10032	2.5934	-0.0445898	2.59378
0.10064	2.48594	0.00393554	2.48594
0.10096	2.55287	0.0843066	2.55426
0.10128	2.48218	0.0371582	2.48246
0.1016	2.55226	0.0422266	2.55261
0.10192	2.49381	0.0980859	2.49574
0.10224	2.50527	0.0674902	2.50618
0.10256	2.43817	-0.0472168	2.43863
0.10288	2.52188	0.0714551	2.52289
0.1032	2.38304	0.115703	2.38584
0.10352	2.46659	0.0166992	2.46665
0.10384	2.43552	0.030918	2.43571
0.10416	2.54344	0.0600391	2.54415
0.10448	2.39517	0.0721484	2.39625
0.1048	2.49886	-0.0429492	2.49923
0.10512	2.56276	0.0642188	2.56357
0.10544	2.46988	-0.0398633	2.4702
0.10576	2.47319	0.0349512	2.47344
0.10608	2.30429	-0.116064	2.30721
0.1064	2.50605	0.0628906	2.50683
0.10672	2.5444	-0.0173633	2.54446
0.10704	2.55751	0.0693457	2.55845
0.10736	2.42791	-0.104111	2.43014
0.10768	2.39012	0.116631	2.39296
0.108	2.40903	0.178398	2.41563
0.10832	2.24914	-0.0795313	2.25055
0.10864	2.37592	0.0491895	2.37643
0.10896	2.24859	-0.0900195	2.2504
0.10928	2.39481	-0.0955664	2.39672
0.1096	2.24976	0.0718066	2.2509
0.10992	2.37222	0.203447	2.38093
0.11024	2.37758	0.0454981	2.37801
0.11056	2.3225	-0.017041	2.32256
0.11088	2.41729	0.139854	2.42133
0.1112	2.32142	0.0839941	2.32294
0.11152	2.35394	0.0835742	2.35542
0.11184	2.41249	-0.0630078	2.41331
0.11216	2.27711	-0.0845899	2.27868
0.11248	2.29553	0.0501758	2.29608
0.1128	2.17912	0.103477	2.18158
0.11312	2.35596	-0.0124902	2.35599
0.11344	2.36558	-0.0122363	2.36561
0.11376	2.32688	0.0137891	2.32692
0.11408	2.27688	0.00663086	2.27689
0.1144	2.30015	0.0172461	2.30021
0.11472	2.32198	0.0870508	2.32361
0.11504	2.17633	0.100723	2.17866
0.11536	2.35419	0.0610449	2.35498
0.11568	2.22437	-0.0259473	2.22452
0.116	2.21723	0.0619727	2.21809
0.11632	2.08387	-0.00767578	2.08388
0.11664	2.23326	0.0125391	2.2333
0.11696	2.02624	0.167949	2.03319
0.11728	2.26658	0.124844	2.27002
0.1176	2.2487	0.100762	2.25096
0.11792	2.15121	0.118535	2.15447
0.11824	2.32316	0.0241113	2.32329
0.11856	2.1187	0.148271	2.12388
0.11888	2.16526	0.0924902	2.16724
0.1192	2.18925	-0.0556055	2.18995
0.11952	2.15636	-0.0232324	2.15648
0.11984	2.08243	-0.0219922	2.08255
0.12016	2.22379	0.0970605	2.22591
0.12048	2.16642	0.122217	2.16986
0.1208	2.14381	-0.0505176	2.1444
0.12112	1.96098	-0.0812891	1.96266
0.12144	2.29863	0.0922266	2.30048
0.12176	2.16105	-0.0420117	2.16146
0.12208	2.17325	0.0846094	2.1749
0.1224	1.99514	-0.0559375	1.99592
0.12272	2.19477	0.0289453	2.19496
0.12304	1.92671	0.0184961	1.9268
0.12336	2.13025	-0.113027	2.13325
0.12368	2.12418	0.115781	2.12733
0.124	2.03169	-0.0923438	2.03379
0.12432	2.08998	-0.018623	2.09006
0.12464	2.01752	0.0110742	2.01755
0.12496	1.95463	-0.0774316	1.95616
0.12528	1.96219	0.0733984	1.96356
0.1256	1.87493	-0.00900391	1.87495
0.12592	1.99287	-0.0854981	1.9947
0.12624	1.95937	-0.0765039	1.96086
0.12656	2.03379	0.0805664	2.03538
0.12688	1.97398	0.214961	1.98565
0.1272	1.98784	0.133926	1.99235
0.12752	2.04156	-0.0172461	2.04164
0.12784	1.91847	0.115996	1.92197
0.12816	2.01014	-0.0118067	2.01017
0.12848	1.92968	0.0983399	1.93218
0.1288	1.99639	0.00953125	1.99641
0.12912	1.88603	0.0605176	1.887
0.12944	2.01577	0.0155566	2.01583
0.12976	1.90624	0.0173535	1.90632
0.13008	1.87623	0.0960156	1.87869
0.1304	2.00615	0.0222363	2.00628
0.13072	1.8285	0.0258594	1.82868
0.13104	2.02109	0.049502	2.0217
0.13136	1.75571	0.111328	1.75924
0.13168	2.00762	0.0277148	2.00781
0.132	1.92668	0.0937402	1.92896
0.13232	2.06246	-0.0321387	2.06271
0.13264	1.76131	0.136006	1.76655
0.13296	1.91849	-0.040332	1.91891
0.13328	1.78692	-0.109629	1.79028
0.1336	1.93833	-0.0779492	1.9399
0.13392	1.76872	0.0931445	1.77117
0.13424	1.94921	0.0875488	1.95117
0.13456	1.93969	0.200273	1.95
0.13488	1.91018	0.0401855	1.9106
0.1352	1.8249	0.0366016	1.82527
0.13552	1.82113	0.0130762	1.82118
0.13584	1.86092	-0.00831055	1.86094
0.13616	1.77378	-0.101816	1.7767
0.13648	1.79267	0.0377832	1.79306
0.1368	1.79434	-0.069082	1.79567
0.13712	1.77464	0.0701172	1.77602
0.13744	1.90236	-0.082168	1.90414
0.13776	1.81166	0.211348	1.82395
0.13808	1.87127	0.0901562	1.87344
0.1384	1.70425	0.0488281	1.70495
0.13872	1.91358	0.0785059	1.91519
0.13904	1.8651	0.0202051	1.86521
0.13936	1.82715	0.0441406	1.82768
0.13968	1.81625	0.0899317	1.81848
0.14	1.7866	0.0475488	1.78723
0.14032	1.87672	-0.065957	1.87788
0.14064	1.72678	0.152871	1.73353
0.14096	1.7808	0.131475	1.78565
0.14128	1.66349	0.0934668	1.66611
0.1416	1.65171	0.277773	1.6749
0.14192	1.67707	-0.0371191	1.67748
0.14224	1.69428	0.0375293	1.69469
0.14256	1.75185	0.0986621	1.75462
0.14288	1.68867	0.0611524	1.68978
0.1432	1.6884	0.00810546	1.68842
0.14352	1.70924	0.00520508	1.70925
0.14384	1.77778	0.0804004	1.7796
0.14416	1.74592	-0.0988477	1.74871
0.14448	1.68397	0.0266016	1.68418
0.1448	1.7012	-0.0411719	1.7017
0.14512	1.78592	0.0727246	1.7874
0.14544	1.71812	0.0839551	1.72017
0.14576	1.65517	-0.00853515	1.65519
0.14608	1.68228	0.123398	1.6868
0.1464	1.73272	0.0813965	1.73463
0.14672	1.63763	-0.033252	1.63796
0.14704	1.61447	-0.0162402	1.61455
0.14736	1.73132	-0.0678418	1.73265
0.14768	1.5863	0.159258	1.59427
0.148	1.68256	0.176182	1.69176
0.14832	1.66736	0.133105	1.67267
0.14864	1.64925	0.0802442	1.6512
0.14896	1.58893	-0.0094922	1.58895
0.14928	1.64072	-0.039541	1.6412
0.1496	1.70505	0.0440039	1.70562
0.14992	1.65926	-0.0214942	1.6594
0.15024	1.65402	-0.103271	1.65724
0.15056	1.5178	0.0670801	1.51928
0.15088	1.52715	-0.0590723	1.52829
0.1512	1.5493	-0.00600587	1.54931
0.15152	1.66852	0.0307129	1.6688
0.15184	1.74722	0.0596777	1.74824
0.15216	1.71427	0.0495117	1.71498
0.15248	1.51786	0.146943	1.52496
0.1528	1.81215	0.0245215	1.81231
0.15312	1.56389	-0.111494	1.56786
0.15344	1.68295	0.00583008	1.68296
0.15376	1.59408	-0.00109375	1.59408
0.15408	1.53695	-0.0489941	1.53773
0.1544	1.49877	0.125205	1.50399
0.15472	1.56767	0.0806836	1.56974
0.15504	1.43969	0.0742383	1.4416
0.15536	1.61709	0.0947852	1.61987
0.15568	1.56796	-0.0294824	1.56824
0.156	1.39558	0.0489746	1.39644
0.15632	1.62314	0.0492969	1.62389
0.15664	1.71434	0.00372071	1.71434
0.15696	1.62403	0.211406	1.63774
0.15728	1.55757	0.105244	1.56112
0.1576	1.39606	0.109756	1.40037
0.15792	1.46629	0.135303	1.47252
0.15824	1.63556	0.135508	1.64116
0.15856	1.4256	0.0459082	1.42633
0.15888	1.40644	0.0211621	1.40659
0.1592	1.49447	0.0969141	1.49761
0.15952	1.47024	0.15041	1.47792
0.15984	1.49308	0.175537	1.50336
0.16016	1.53223	0.0364453	1.53266
0.16048	1.52566	0.0769629	1.5276
0.1608	1.52306	-0.0671191	1.52453
0.16112	1.54979	0.135781	1.55572
0.16144	1.46417	-0.0514844	1.46508
0.16176	1.54373	-0.0100391	1.54376
0.16208	1.28632	-0.0343359	1.28678
0.1624	1.54918	0.151074	1.55653
0.16272	1.47103	0.0449609	1.47171
0.16304	1.59357	0.071084	1.59516
0.16336	1.65632	0.0187891	1.65643
0.16368	1.58903	0.00114257	1.58903
0.164	1.35372	0.0875586	1.35655
0.16432	1.44407	-0.0995899	1.4475
0.16464	1.45566	0.0495898	1.45651
0.16496	1.47047	0.0244531	1.47067
0.16528	1.40827	-0.0124414	1.40833
0.1656	1.57391	0.104072	1.57734
0.16592	1.5459	0.124023	1.55087
0.16624	1.60277	0.0557812	1.60374
0.16656	1.44405	0.0988965	1.44744
0.16688	1.47787	-0.0493262	1.47869
0.1672	1.4554	-0.204785	1.46974
0.16752	1.3733	-0.0209277	1.37346
0.16784	1.40785	0.0412402	1.40846
0.16816	1.39363	0.043584	1.39431
0.16848	1.41381	0.142676	1.42099
0.1688	1.27113	0.0494336	1.27209
0.16912	1.50937	0.0927539	1.51221
0.16944	1.42984	0.0690332	1.43151
0.16976	1.41161	0.0330859	1.412
0.17008	1.29063	-0.0355273	1.29111
0.1704	1.44903	0.0439453	1.4497
0.17072	1.43762	-0.00274414	1.43762
0.17104	1.35258	-0.15666	1.36162
0.17136	1.45534	0.130068	1.46114
0.17168	1.31701	-0.0636621	1.31855
0.172	1.51598	0.068457	1.51752
0.17232	1.42246	-0.0776465	1.42458
0.17264	1.31343	0.0279102	1.31372
0.17296	1.33242	-0.0393848	1.333
0.17328	1.39883	0.106484	1.40288
0.1736	1.47013	0.0134668	1.47019
0.17392	1.41951	0.00433594	1.41952
0.17424	1.24822	-0.0196582	1.24838
0.17456	1.40686	0.0247852	1.40707
0.17488	1.25044	-0.0212109	1.25062
0.1752	1.31226	0.0181348	1.31238
0.17552	1.29049	0.127227	1.29674
0.17584	1.26295	-0.039375	1.26356
0.17616	1.39545	0.125215	1.40106
0.17648	1.50748	0.0983594	1.51069
0.1768	1.45546	-0.121553	1.46053
0.17712	1.31519	0.0567285	1.31641
0.17744	1.36222	-0.00466797	1.36222
0.17776	1.24182	0.0366113	1.24236
0.17808	1.3277	-0.141631	1.33523
0.1784	1.23154	-0.0511914	1.23261
0.17872	1.36035	-0.0675	1.36203
0.17904	1.25368	0.0625977	1.25524
0.17936	1.31377	0.148174	1.3221
0.17968	1.26891	0.0359863	1.26942
0.18	1.27222	0.201094	1.28801
0.18032	1.26104	-0.0103711	1.26108
0.18064	1.2203	0.0449512	1.22113
0.18096	1.27093	0.0500098	1.27191
0.18128	1.25035	-0.0183789	1.25049
0.1816	1.17357	0.12748	1.18048
0.18192	1.25647	0.0424023	1.25719
0.18224	1.23299	-0.0464941	1.23386
0.18256	1.18344	0.0518848	1.18457
0.18288	1.21402	0.0386035	1.21464
0.1832	1.23281	-0.00758789	1.23284
0.18352	1.29117	-0.0630664	1.29271
0.18384	1.22774	-0.00708008	1.22776
0.18416	1.26792	0.00875976	1.26795
0.18448	1.28669	0.0514648	1.28772
0.1848	1.34432	0.0531934	1.34537
0.18512	1.23727	-0.00947266	1.2373
0.18544	1.23013	0.0801856	1.23274
0.18576	1.39276	-0.0134082	1.39283
0.18608	1.28899	-0.0101856	1.28903
0.1864	1.33433	0.15625	1.34344
0.18672	1.16073	-0.0772461	1.1633
0.18704	1.20785	0.0110449	1.2079
0.18736	1.05768	0.0412988	1.05848
0.18768	1.15438	0.125869	1.16123
0.188	1.22521	0.0182519	1.22534
0.18832	1.34501	0.048252	1.34588
0.18864	1.11227	-0.011709	1.11233
0.18896	1.16242	0.103896	1.16706
0.18928	1.2652	-0.0614844	1.26669
0.1896	1.16812	0.109561	1.17324
0.18992	1.18109	0.119873	1.18716
0.19024	1.18438	0.0169434	1.1845
0.19056	1.15922	0.0706836	1.16137
0.19088	1.17734	-0.0420801	1.1781
0.1912	1.26554	0.0185352	1.26567
0.19152	1.26279	-0.0728418	1.26489
0.19184	1.1402	-0.027041	1.14052
0.19216	1.15694	-0.069082	1.159
0.19248	1.19915	0.171123	1.2113
0.1928	1.19213	-0.0453125	1.19299
0.19312	1.19902	0.0135352	1.1991
0.19344	1.19479	-0.0882129	1.19805
0.19376	1.08562	-0.0151367	1.08572
0.19408	1.06474	0.0381641	1.06542
0.1944	1.16813	0.159844	1.17901
0.19472	1.15396	0.134141	1.16174
0.19504	1.19934	0.0027832	1.19934
0.19536	1.12359	0.120156	1.13
0.19568	1.04688	-0.0170117	1.04701
0.196	1.22203	0.053291	1.22319
0.19632	1.21551	0.0335254	1.21597
0.19664	1.06916	0.0437305	1.07005
0.19696	1.09287	0.123721	1.09985
0.19728	1.04282	0.0961621	1.04725
0.1976	1.05571	0.0929199	1.05979
0.19792	1.18377	0.0333594	1.18424
0.19824	1.2248	0.0599805	1.22627
0.19856	1.15465	0.0504492	1.15575
0.19888	1.14582	0.0916309	1.14948
0.1992	1.21978	0.103057	1.22412
0.19952	1.06252	-0.0541699	1.0639
0.19984	1.08144	0.039707	1.08216
0.20016	1.08335	-0.114189	1.08935
0.20048	1.14725	0.0781836	1.14991
0.2008	1.17424	0.0397559	1.17491
0.20112	1.07351	0.129473	1.08129
0.20144	1.14484	0.0676953	1.14684
0.20176	1.03481	0.0405762	1.03561
0.20208	1.04836	-0.0217188	1.04858
0.2024	1.06918	0.149404	1.07957
0.20272	1.00512	0.027666	1.0055
0.20304	1.01396	0.0578906	1.01561
0.20336	1.23144	-0.00782226	1.23146
0.20368	1.01379	0.17792	1.02928
0.204	1.05308	-0.00125976	1.05308
0.20432	1.12443	0.129805	1.1319
0.20464	1.1914	0.00335937	1.1914
0.20496	1.10634	0.0261816	1.10665
0.20528	1.06897	0.0437793	1.06987
0.2056	1.13364	0.116191	1.13958
0.20592	1.09333	-0.056543	1.09479
0.20624	1.18796	0.256221	1.21528
0.20656	1.17009	-0.10335	1.17464
0.20688	0.978828	0.123701	0.986614
0.2072	1.0684	0.0228516	1.06864
0.20752	0.959238	0.139238	0.969291
0.20784	1.05829	0.13625	1.06703
0.20816	1.10623	0.156787	1.11729
0.20848	0.970381	-0.0174219	0.970537
0.2088	0.984287	0.0508789	0.985601
0.20912	0.933018	0.0665332	0.935387
0.20944	0.999229	0.027793	0.999615
0.20976	1.11433	0.00598634	1.11434
0.21008	1.01684	0.0959863	1.02136
0.2104	1.06274	-0.0406836	1.06352
0.21072	1.06605	0.0712891	1.06844
0.21104	1.03147	0.0756445	1.03424
0.21136	1.01036	0.000654293	1.01036
0.21168	1.04932	-0.016377	1.04944
0.212	0.993584	-0.0686524	0.995953
0.21232	0.957129	-0.104482	0.962815
0.21264	0.910488	0.094209	0.915349
0.21296	1.09454	0.032002	1.09501
0.21328	0.977315	-0.0446582	0.978334
0.2136	1.0907	-0.0572949	1.09221
0.21392	0.919522	-0.132568	0.929029
0.21424	0.962803	0.0932617	0.967309
0.21456	1.08598	0.00124023	1.08598
0.21488	0.95583	0.0524317	0.957267
0.2152	1.00591	-0.0472363	1.00702
0.21552	0.931172	0.0198438	0.931383
0.21584	0.923115	0.00172851	0.923117
0.21616	0.940488	-0.110049	0.946905
0.21648	1.09803	-0.028584	1.0984
0.2168	1.10033	-0.0908105	1.10407
0.21712	0.939687	0.0415039	0.940604
0.21744	0.898779	-0.0728027	0.901723
0.21776	0.903037	-0.000624998	0.903037
0.21808	0.935488	-0.0647461	0.937726
0.2184	0.927236	0.124844	0.935603
0.21872	0.928799	-0.0544922	0.930396
0.21904	1.01122	-0.0419824	1.01209
0.21936	1.04609	0.089043	1.04988
0.21968	1.09764	0.00201172	1.09764
0.22	0.829697	0.0424512	0.830783
0.22032	1.01428	0.000283199	1.01428
0.22064	0.936416	0.0828711	0.940076
0.22096	0.996885	-0.0970606	1.0016
0.22128	0.999883	-0.0831055	1.00333
0.2216	1.02677	-0.0623145	1.02866
0.22192	0.949922	-0.0826074	0.953507
0.22224	0.899951	0.0539746	0.901568
0.22256	1.02812	0.0205664	1.02832
0.22288	0.815732	0.0503125	0.817283
0.2232	1.02203	-0.108643	1.02779
0.22352	0.920586	-0.0236523	0.92089
0.22384	0.989678	-0.126553	0.997736
0.22416	0.750117	0.034707	0.75092
0.22448	0.888457	0.122061	0.896803
0.2248	0.864512	0.0573047	0.866409
0.22512	0.955772	0.0787793	0.959013
0.22544	0.882129	0.0856934	0.886281
0.22576	0.879063	0.0381738	0.879891
0.22608	0.953779	0.0202441	0.953994
0.2264	0.904043	0.0662891	0.90647
0.22672	0.845166	-0.177363	0.863576
0.22704	0.777598	0.025459	0.778014
0.22736	0.834482	0.023584	0.834816
0.22768	0.807266	0.153154	0.821665
0.228	0.996445	0.0826563	0.999868
0.22832	0.937217	0.0686133	0.939725
0.22864	1.00268	0.00259766	1.00268
0.22896	0.930049	0.110391	0.936577
0.22928	0.858291	0.0300098	0.858815
0.2296	0.914033	0.203076	0.936321
0.22992	0.943662	-0.0426367	0.944625
0.23024	0.870459	0.00660157	0.870484
0.23056	0.878399	0.0235645	0.878715
0.23088	0.89959	0.0395898	0.900461
0.2312	1.04658	-0.0402148	1.04735
0.23152	0.992295	0.0760938	0.995208
0.23184	0.911504	-0.1375	0.921817
0.23216	0.888838	-0.00425782	0.888848
0.23248	0.809121	0.031582	0.809737
0.2328	0.940899	0.0522754	0.94235
0.23312	0.955996	0.0172754	0.956152
0.23344	0.826318	-0.0782324	0.830014
0.23376	0.93501	-0.0422559	0.935964
0.23408	0.86708	0.0302051	0.867606
0.2344	0.884912	0.0843359	0.888922
0.23472	0.978135	0.0554395	0.979705
0.23504	0.935957	0.0282227	0.936383
0.23536	0.787061	0.0387402	0.788013
0.23568	0.900225	-0.0433203	0.901266
0.236	0.846377	0.0130957	0.846478
0.23632	0.820527	-0.0721387	0.823692
0.23664	0.807959	0.0115527	0.808042
0.23696	0.741602	-0.0269434	0.742091
0.23728	0.892813	0.00587891	0.892832
0.2376	0.898623	-0.065918	0.901038
0.23792	0.826943	0.0163281	0.827105
0.23824	0.807969	0.112744	0.815797
0.23856	0.748291	-0.0910547	0.753811
0.23888	0.806885	0.115723	0.815141
0.2392	0.798584	0.0229688	0.798914
0.23952	0.878887	0.0290723	0.879368
0.23984	0.934834	0.0288379	0.935279
0.24016	0.784971	-0.0530469	0.786761
0.24048	0.741279	0.019873	0.741546
0.2408	0.812149	0.00799805	0.812188
0.24112	0.89793	-0.0180176	0.898111
0.24144	0.758486	0.0816699	0.762871
0.24176	0.862803	0.122861	0.871507
0.24208	0.847227	-0.0806836	0.85106
0.2424	0.965742	0.0540137	0.967252
0.24272	0.76707	-0.0135645	0.76719
0.24304	0.904229	-0.0667187	0.906687
0.24336	0.889883	0.0334668	0.890512
0.24368	0.910928	0.0123926	0.911012
0.244	0.808975	0.0297363	0.809521
0.24432	0.881543	0.00773438	0.881577
0.24464	0.733398	0.169844	0.752808
0.24496	0.726211	0.101533	0.733274
0.24528	0.720645	0.0496875	0.722355
0.2456	0.732959	0.0281152	0.733498
0.24592	0.833535	0.0769922	0.837084
0.24624	0.834033	0.0385938	0.834926
0.24656	0.828721	0.0586914	0.830797
0.24688	0.845977	-0.015918	0.846126
0.2472	0.794922	0.189697	0.817243
0.24752	0.837549	-0.0691504	0.840399
0.24784	0.70084	-0.0119922	0.700943
0.24816	0.711475	-0.0766113	0.715587
0.24848	0.789014	-0.0361328	0.789841
0.2488	0.757275	0.0858594	0.762127
0.24912	0.834102	0.0973926	0.839768
0.24944	0.784434	0.0600977	0.786732
0.24976	0.812686	0.161631	0.828603
0.25008	0.960195	0.0814942	0.963647
0.2504	0.881582	-0.123818	0.890235
0.25072	0.778047	0.0814746	0.782301
0.25104	0.758828	0.134131	0.770592
0.25136	0.735772	-0.0383398	0.73677
0.25168	0.911416	0.0137695	0.91152
0.252	0.716533	0.208887	0.74636
0.25232	0.70709	0.0217187	0.707423
0.25264	0.750654	-0.0359082	0.751513
0.25296	0.809512	-0.032373	0.810159
0.25328	0.798672	0.0178223	0.798871
0.2536	0.749854	0.0793359	0.754039
0.25392	0.784014	0.00644532	0.78404
0.25424	0.709375	0.00904297	0.709433
0.25456	0.774717	-0.0276856	0.775211
0.25488	0.737002	0.0894727	0.742413
0.2552	0.708076	0.0875195	0.713465
0.25552	0.826475	-0.0297363	0.827009
0.25584	0.674443	-0.0887305	0.680255
0.25616	0.614356	0.0101563	0.614439
0.25648	0.712139	0.0668555	0.71527
0.2568	0.869522	0.0567773	0.871373
0.25712	0.824463	0.103506	0.830935
0.25744	0.748818	-0.0136133	0.748942
0.25776	0.618789	-0.0271289	0.619384
0.25808	0.874453	0.139795	0.885557
0.2584	0.76959	0.00257812	0.769594
0.25872	0.772959	-0.0222559	0.773279
0.25904	0.638106	-0.0418359	0.639476
0.25936	0.760703	-0.202705	0.787248
0.25968	0.734844	0.00987304	0.73491
0.26	0.721768	-0.0485254	0.723397
0.26032	0.629268	0.175771	0.653355
0.26064	0.666748	0.00582032	0.666773
0.26096	0.796943	0.0526856	0.798683
0.26128	0.604287	-0.0271973	0.604899
0.2616	0.70376	0.0902149	0.709519
0.26192	0.748457	0.0193457	0.748707
0.26224	0.751211	0.0714844	0.754604
0.26256	0.694336	-0.0179395	0.694568
0.26288	0.75751	0.0561719	0.75959
0.2632	0.791875	0.0659473	0.794616
0.26352	0.805596	0.0309277	0.806189
0.26384	0.681494	0.13207	0.694174
0.26416	0.588779	0.155098	0.608865
0.26448	0.763848	-0.0900781	0.769141
0.2648	0.629189	0.00526367	0.629211
0.26512	0.677988	0.0519922	0.679979
0.26544	0.65419	0.0102051	0.654269
0.26576	0.841934	0.0403223	0.842899
0.26608	0.622959	0.0603027	0.625871
0.2664	0.599092	-0.0365527	0.600206
0.26672	0.670684	0.052207	0.672713
0.26704	0.656045	-0.0180957	0.656295
0.26736	0.62666	0.0879004	0.632795
0.26768	0.587324	0.13834	0.603397
0.268	0.518643	0.0329102	0.519686
0.26832	0.563916	0.0596094	0.567058
0.26864	0.582266	0.00288085	0.582273
0.26896	0.87667	0.105293	0.882971
0.26928	0.646055	0.0987793	0.653563
0.2696	0.64585	-0.0015039	0.645851
0.26992	0.713887	0.0286914	0.714463
0.27024	0.593975	0.118936	0.605765
0.27056	0.617432	0.0914746	0.624171
0.27088	0.692705	0.146182	0.707961
0.2712	0.633145	0.125225	0.645409
0.27152	0.765596	-0.0198438	0.765853
0.27184	0.663096	0.0420117	0.664425
0.27216	0.738564	0.0155176	0.738727
0.27248	0.712442	0.00408203	0.712453
0.2728	0.701133	0.0795898	0.705636
0.27312	0.771602	0.0216602	0.771906
0.27344	0.625723	-0.168154	0.647923
0.27376	0.61293	0.103721	0.621644
0.27408	0.63335	0.0024707	0.633354
0.2744	0.579707	0.0474023	0.581642
0.27472	0.707442	0.000712889	0.707442
0.27504	0.672461	-0.00897461	0.672521
0.27536	0.578604	0.0719824	0.583064
0.27568	0.673789	-0.0615723	0.676597
0.276	0.616514	0.0254492	0.617039
0.27632	0.644619	-0.0323145	0.645429
0.27664	0.512656	-0.0987891	0.522088
0.27696	0.525195	0.0442676	0.527058
0.27728	0.638428	0.120488	0.649698
0.2776	0.528897	0.0568164	0.53194
0.27792	0.604219	0.0145117	0.604393
0.27824	0.599541	0.00394531	0.599554
0.27856	0.735039	-0.0398047	0.736116
0.27888	0.700166	0.0336621	0.700975
0.2792	0.54876	0.0739648	0.553722
0.27952	0.724844	-0.0569824	0.72708
0.27984	0.62749	0.0956738	0.634742
0.28016	0.693145	-0.0458105	0.694657
0.28048	0.657617	0.0773242	0.662148
0.2808	0.594805	-0.0908398	0.601701
0.28112	0.705205	0.100322	0.712305
0.28144	0.723447	-0.170635	0.743298
0.28176	0.640156	0.071084	0.644091
0.28208	0.767461	-0.0957715	0.773414
0.2824	0.586953	-0.056582	0.589674
0.28272	0.626055	0.0495899	0.628016
0.28304	0.510049	0.0512695	0.512619
0.28336	0.638115	-0.0335059	0.638994
0.28368	0.536201	0.00854493	0.536269
0.284	0.6	-0.00732422	0.600045
0.28432	0.560459	0.000439457	0.560459
0.28464	0.696572	0.13251	0.709064
0.28496	0.668428	0.0285254	0.669036
0.28528	0.6296	0.0697949	0.633456
0.2856	0.674375	0.0774219	0.678805
0.28592	0.524023	0.106172	0.534671
0.28624	0.83749	0.0569238	0.839423
0.28656	0.623145	-0.0850488	0.628922
0.28688	0.651553	0.0663574	0.654923
0.2872	0.700967	0.0737598	0.704837
0.28752	0.625361	0.00274413	0.625367
0.28784	0.79043	-0.013125	0.790539
0.28816	0.576279	0.031582	0.577144
0.28848	0.813027	0.00595703	0.813049
0.2888	0.528887	-0.0274902	0.529601
0.28912	0.660869	0.0240332	0.661306
0.28944	0.622148	0.00397461	0.622161
0.28976	0.614551	0.0725488	0.618818
0.29008	0.604228	-0.0909375	0.611033
0.2904	0.68959	0.115654	0.699221
0.29072	0.659951	-0.150098	0.676805
0.29104	0.389707	0.0785645	0.397547
0.29136	0.630117	-0.0569922	0.632689
0.29168	0.496621	-0.0826953	0.503459
0.292	0.630547	0.0345606	0.631493
0.29232	0.515752	0.0886914	0.523322
0.29264	0.746514	0.0966797	0.752748
0.29296	0.752647	-0.129893	0.763773
0.29328	0.589854	0.0864453	0.596154
0.2936	0.752861	-0.0695898	0.756071
0.29392	0.543467	-0.124756	0.557602
0.29424	0.576328	0.0373242	0.577536
0.29456	0.56335	-0.128301	0.577775
0.29488	0.492109	0.0107812	0.492227
0.2952	0.657344	0.0536523	0.65953
0.29552	0.632002	-0.00705078	0.632041
0.29584	0.560596	0.0438672	0.562309
0.29616	0.599902	0.135127	0.614933
0.29648	0.677598	0.0585352	0.680121
0.2968	0.588184	0.00664063	0.588221
0.29712	0.735293	0.000859378	0.735294
0.29744	0.590693	-0.00953125	0.59077
0.29776	0.627773	-0.010332	0.627859
0.29808	0.721465	-0.00166993	0.721467
0.2984	0.527275	0.19249	0.561313
0.29872	0.584248	0.0746582	0.588999
0.29904	0.609824	-0.0283008	0.610481
0.29936	0.729199	0.115205	0.738244
0.29968	0.605605	0.0152539	0.605798
0.3	0.604502	0.0519043	0.606726
0.30032	0.570508	0.055957	0.573245
0.30064	0.660742	0.0324609	0.661539
0.30096	0.465127	-0.0166504	0.465425
0.30128	0.673965	-0.107236	0.682443
0.3016	0.516865	0.0820117	0.523331
0.30192	0.546494	-0.116445	0.558762
0.30224	0.501797	0.00777344	0.501857
0.30256	0.508535	-0.0506445	0.511051
0.30288	0.608164	-0.142695	0.62468
0.3032	0.510146	0.0697363	0.514891
0.30352	0.768242	-0.102168	0.775006
0.30384	0.59085	0.0137988	0.591011
0.30416	0.524814	0.0830078	0.531338
0.30448	0.497842	0.0561816	0.501002
0.3048	0.506807	-0.0204492	0.507219
0.30512	0.602979	0.168242	0.62601
0.30544	0.551289	0.0510937	0.553652
0.30576	0.62417	0.0608887	0.627133
0.30608	0.503486	-0.0395898	0.505041
0.3064	0.4896	-0.128926	0.50629
0.30672	0.621924	0.0756445	0.626507
0.30704	0.583672	-0.0462988	0.585505
0.30736	0.511523	0.12082	0.525598
0.30768	0.562734	0.0375781	0.563988
0.308	0.50502	-0.0839942	0.511957
0.30832	0.55623	0.0812207	0.562129
0.30864	0.452031	0.0835254	0.459683
0.30896	0.588516	0.0500781	0.590642
0.30928	0.583887	-0.0651953	0.587515
0.3096	0.588838	-0.00418946	0.588853
0.30992	0.575537	0.131396	0.590346
0.31024	0.515068	0.0256445	0.515706
0.31056	0.581152	0.0585938	0.584099
0.31088	0.69126	-0.010625	0.691342
0.3112	0.515957	0.126563	0.531253
0.31152	0.534854	0.0142676	0.535044
0.31184	0.374004	0.0211426	0.374601
0.31216	0.467314	0.0308691	0.468333
0.31248	0.621885	0.0380859	0.62305
0.3128	0.509395	-0.0587305	0.512769
0.31312	0.641191	-0.11124	0.650769
0.31344	0.488203	0.0339551	0.489383
0.31376	0.599258	0.0879395	0.605676
0.31408	0.558379	0.106406	0.568427
0.3144	0.554854	0.0196973	0.555203
0.31472	0.542813	0.0325586	0.543788
0.31504	0.638281	0.069502	0.642054
0.31536	0.598018	0.0207715	0.598378
0.31568	0.60291	-0.0112207	0.603015
0.316	0.631338	0.0529981	0.633558
0.31632	0.429971	0.0390723	0.431742
0.31664	0.547295	-0.00265625	0.547301
0.31696	0.53793	0.105283	0.548136
0.31728	0.569541	0.00673828	0.569581
0.3176	0.599824	-0.0466504	0.601636
0.31792	0.425322	-0.14126	0.448167
0.31824	0.533809	0.0249316	0.534391
0.31856	0.663809	-0.0904688	0.669945
0.31888	0.376768	0.0975098	0.389181
0.3192	0.792627	-0.0878516	0.797481
0.31952	0.594385	0.134238	0.609355
0.31984	0.605713	0.0540039	0.608116
0.32016	0.575176	-0.00388672	0.575189
0.32048	0.573428	0.044375	0.575142
0.3208	0.79082	0.0893457	0.795851
0.32112	0.533506	-0.0135156	0.533677
0.32144	0.562676	-0.0792871	0.568235
0.32176	0.543877	0.112725	0.555436
0.32208	0.525088	-0.00701172	0.525135
0.3224	0.575957	0.0847363	0.582157
0.32272	0.46793	0.0118164	0.468079
0.32304	0.585117	0.0222949	0.585542
0.32336	0.482725	0.00857422	0.482801
0.32368	0.515215	-0.0308691	0.516139
0.324	0.506367	-0.123438	0.521195
0.32432	0.492695	-0.0294238	0.493573
0.32464	0.654775	-0.0956641	0.661727
0.32496	0.489072	0.120312	0.503653
0.32528	0.523408	-0.0469336	0.525508
0.3256	0.544951	0.0713184	0.549598
0.32592	0.428193	-0.037959	0.429873
0.32624	0.453516	0.0304785	0.454539
0.32656	0.581895	0.0923437	0.589176
0.32688	0.479277	0.065791	0.483772
0.3272	0.464004	0.130576	0.482027
0.32752	0.422305	0.0759082	0.429073
0.32784	0.426592	-0.0483594	0.429324
0.32816	0.445195	0.0242676	0.445856
0.32848	0.466465	0.0983887	0.476728
0.3288	0.513955	0.0688379	0.518545
0.32912	0.529707	0.0727441	0.534679
0.32944	0.550459	-0.0927734	0.558222
0.32976	0.556924	0.0485547	0.559036
0.33008	0.558779	0.0199219	0.559134
0.3304	0.504131	0.114053	0.516871
0.33072	0.520615	0.0613867	0.524222
0.33104	0.592617	0.0419629	0.594101
0.33136	0.38293	0.0585254	0.387376
0.33168	0.440391	-0.10833	0.453519
0.332	0.451553	0.0685254	0.456723
0.33232	0.535098	0.0115234	0.535222
0.33264	0.531113	0.0488672	0.533357
0.33296	0.341084	0.00227539	0.341092
0.33328	0.493174	0.0116016	0.49331
0.3336	0.439189	0.020957	0.439689
0.33392	0.42084	-0.0139063	0.42107
0.33424	0.46416	-0.0600684	0.468031
0.33456	0.446621	0.0952832	0.456672
0.33488	0.519756	0.0183398	0.520079
0.3352	0.473037	-0.000117188	0.473037
0.33552	0.473223	-0.00896484	0.473308
0.33584	0.506572	-0.0310156	0.507521
0.33616	0.456201	-0.0370508	0.457703
0.33648	0.495469	-0.00201172	0.495473
0.3368	0.432813	0.0707422	0.438556
0.33712	0.380068	-0.0539258	0.383875
0.33744	0.439111	0.0167285	0.43943
0.33776	0.370977	0.150879	0.400485
0.33808	0.621709	0.177969	0.64668
0.3384	0.454072	0.0983399	0.464599
0.33872	0.469307	-0.0580762	0.472886
0.33904	0.482275	0.139355	0.502006
0.33936	0.553125	0.0953516	0.561284
0.33968	0.607061	-0.0122656	0.607185
0.34	0.479668	-0.017168	0.479975
0.34032	0.556592	-0.0212598	0.556998
0.34064	0.45959	0.0123828	0.459757
0.34096	0.462119	0.0292871	0.463046
0.34128	0.584307	-0.0674121	0.588183
0.3416	0.568086	-0.063457	0.571619
0.34192	0.56668	-0.125928	0.580503
0.34224	0.398848	-0.125811	0.41822
0.34256	0.581152	-0.0189649	0.581462
0.34288	0.479951	-0.0645899	0.484278
0.3432	0.42583	-0.0406445	0.427765
0.34352	0.464717	-0.128623	0.482188
0.34384	0.467422	-0.0870215	0.475453
0.34416	0.559561	0.0899805	0.566749
0.34448	0.544893	-0.0440332	0.546669
0.3448	0.4671	-0.0332813	0.468284
0.34512	0.350772	-0.00865234	0.350878
0.34544	0.432422	0.045332	0.434792
0.34576	0.365898	-0.108115	0.381537
0.34608	0.46001	0.0168652	0.460319
0.3464	0.322666	0.0087793	0.322785
0.34672	0.442773	-0.0868652	0.451214
0.34704	0.412988	-0.0599609	0.417318
0.34736	0.441748	-0.0706055	0.447355
0.34768	0.477168	0.143848	0.498379
0.348	0.504043	-0.0886914	0.511787
0.34832	0.375811	0.111543	0.392015
0.34864	0.387578	0.0751563	0.394798
0.34896	0.428486	-0.135459	0.449388
0.34928	0.408154	-0.0169531	0.408506
0.3496	0.431279	-0.0620313	0.435717
0.34992	0.492412	0.0345508	0.493623
0.35024	0.365	-0.029082	0.366157
0.35056	0.432129	0.026875	0.432964
0.35088	0.509463	-0.0837793	0.516306
0.3512	0.388408	-0.0581445	0.392736
0.35152	0.351846	-0.0207715	0.352458
0.35184	0.425947	0.0626172	0.430525
0.35216	0.433076	0.100918	0.444679
0.35248	0.376143	-0.0661914	0.381922
0.3528	0.290459	0.0291992	0.291923
0.35312	0.490801	-0.0416406	0.492564
0.35344	0.339971	0.0322656	0.341498
0.35376	0.501602	0.00712891	0.501652
0.35408	0.318486	-0.0758496	0.327394
0.3544	0.363789	0.0303027	0.365049
0.35472	0.39625	-0.0438184	0.398665
0.35504	0.225391	0.0201074	0.226286
0.35536	0.427148	0.00192383	0.427153
0.35568	0.324902	0.0441211	0.327884
0.356	0.366787	0.0274414	0.367812
0.35632	0.325049	0.0128711	0.325304
0.35664	0.524834	0.0477344	0.527
0.35696	0.349961	-0.0978223	0.363376
0.35728	0.438545	0.0645899	0.443276
0.3576	0.415703	-0.104268	0.42858
0.35792	0.420957	0.070752	0.426861
0.35824	0.475606	0.0483008	0.478052
0.35856	0.486387	0.0361231	0.487726
0.35888	0.473027	0.0424023	0.474924
0.3592	0.499297	-0.163604	0.525417
0.35952	0.474248	0.0986133	0.484392
0.35984	0.39084	-0.0075293	0.390912
0.36016	0.506328	0.0350293	0.507538
0.36048	0.352315	0.0514356	0.356049
0.3608	0.407666	0.0371191	0.409352
0.36112	0.39335	-0.0219043	0.393959
0.36144	0.414033	0.103447	0.426761
0.36176	0.411289	0.0205859	0.411804
0.36208	0.414424	-0.039668	0.416318
0.3624	0.356611	-0.00303711	0.356624
0.36272	0.356006	0.0117187	0.356199
0.36304	0.40709	-0.0348828	0.408582
0.36336	0.509697	0.0983008	0.51909
0.36368	0.362441	-0.0909082	0.373668
0.364	0.398652	0.0777051	0.406155
0.36432	0.337529	-0.0219336	0.338241
0.36464	0.316289	0.0299023	0.317699
0.36496	0.280898	-0.0961231	0.29689
0.36528	0.401484	0.00368164	0.401501
0.3656	0.329287	0.0608496	0.334862
0.36592	0.382315	0.0899024	0.392743
0.36624	0.531367	-0.0550781	0.534214
0.36656	0.356943	-0.00528321	0.356982
0.36688	0.399893	0.0374902	0.401646
0.3672	0.457412	0.129092	0.475279
0.36752	0.269229	0.150811	0.30859
0.36784	0.359688	-0.0885352	0.370423
0.36816	0.427031	0.209199	0.475521
0.36848	0.35377	0.0853711	0.363925
0.3688	0.449951	0.116221	0.464719
0.36912	0.385	0.0595996	0.389586
0.36944	0.436211	0.00986328	0.436322
0.36976	0.276875	0.0325195	0.278778
0.37008	0.368154	-0.0679102	0.374365
0.3704	0.339746	0.0749902	0.347924
0.37072	0.443154	-0.0525293	0.446257
0.37104	0.356406	0.219268	0.418454
0.37136	0.407207	-0.105996	0.420776
0.37168	0.264668	0.0799512	0.27648
0.372	0.499932	-0.042041	0.501696
0.37232	0.349004	0.0951465	0.361741
0.37264	0.476777	-0.0546094	0.479895
0.37296	0.223955	0.0915332	0.241938
0.37328	0.338145	-0.0501367	0.341841
0.3736	0.257022	0.0453711	0.260995
0.37392	0.369756	0.00841796	0.369852
0.37424	0.271094	0.0179785	0.271689
0.37456	0.384063	0.191289	0.429064
0.37488	0.410947	0.203203	0.458442
0.3752	0.476895	0.133262	0.495164
0.37552	0.453135	-0.0394141	0.454846
0.37584	0.417197	-0.0268457	0.41806
0.37616	0.359541	-0.0173535	0.35996
0.37648	0.371729	0.0681445	0.377923
0.3768	0.428164	-0.0806738	0.435698
0.37712	0.491172	-0.0728125	0.49654
0.37744	0.369307	0.105986	0.384214
0.37776	0.549814	0.0272949	0.550492
0.37808	0.403525	0.0590332	0.407821
0.3784	0.486143	-0.107852	0.497962
0.37872	0.332686	-0.0657422	0.339119
0.37904	0.445684	-0.0381055	0.44731
0.37936	0.408359	0.0503418	0.411451
0.37968	0.3775	-0.00611329	0.37755
0.38	0.358105	0.152314	0.389152
0.38032	0.410127	-0.000917972	0.410128
0.38064	0.377666	0.0461231	0.380472
0.38096	0.308311	0.0648145	0.31505
0.38128	0.341494	0.0580566	0.346394
0.3816	0.380635	-0.0494238	0.38383
0.38192	0.436055	0.0847656	0.444217
0.38224	0.315459	0.0498926	0.31938
0.38256	0.355449	-0.11665	0.374101
0.38288	0.449971	-0.0552539	0.453351
0.3832	0.363623	-0.00981446	0.363755
0.38352	0.395254	0.0242969	0.396
0.38384	0.443525	0.0261133	0.444293
0.38416	0.411865	-0.0131836	0.412076
0.38448	0.518272	0.00373047	0.518285
0.3848	0.4225	-0.0106055	0.422633
0.38512	0.48877	-0.0803906	0.495337
0.38544	0.348086	-0.0915332	0.35992
0.38576	0.31791	0.119355	0.339577
0.38608	0.341758	-0.0604004	0.347054
0.3864	0.348701	0.128789	0.371725
0.38672	0.331006	0.0273633	0.332135
0.38704	0.344043	0.0106055	0.344206
0.38736	0.310879	-0.0284668	0.31218
0.38768	0.429023	-0.090918	0.438551
0.388	0.433271	-0.154336	0.459939
0.38832	0.266973	0.108291	0.2881
0.38864	0.4921	-0.029082	0.492958
0.38896	0.299355	-0.0595215	0.305216
0.38928	0.292031	-0.135469	0.321922
0.3896	0.380449	-0.0607617	0.385271
0.38992	0.350215	-0.0650293	0.356201
0.39024	0.358984	0.0433789	0.361596
0.39056	0.365781	0.0295508	0.366973
0.39088	0.362803	-0.0116406	0.362989
0.3912	0.34417	-0.015127	0.344502
0.39152	0.324404	-0.0346973	0.326255
0.39184	0.223428	0.0198828	0.224311
0.39216	0.438945	-0.0220313	0.439498
0.39248	0.322383	0.0426758	0.325195
0.3928	0.223594	0.0643457	0.232668
0.39312	0.419404	-0.00955078	0.419513
0.39344	0.228662	-0.0313281	0.230798
0.39376	0.397803	0.0576563	0.401959
0.39408	0.243857	0.039248	0.246996
0.3944	0.531748	0.0229102	0.532241
0.39472	0.223398	-0.16502	0.277738
0.39504	0.390029	0.013291	0.390256
0.39536	0.29377	-0.0970313	0.309379
0.39568	0.340664	-0.0417383	0.343211
0.396	0.243525	-0.07875	0.255942
0.39632	0.328106	0.0460645	0.331323
0.39664	0.390645	-0.0737109	0.397538
0.39696	0.311738	-0.0814063	0.322192
0.39728	0.279199	-0.152012	0.317899
0.3976	0.395664	-0.00113282	0.395666
0.39792	0.316807	-0.0496191	0.320669
0.39824	0.322949	0.00305665	0.322964
0.39856	0.256855	0.0780664	0.268457
0.39888	0.323867	0.0168457	0.324305
0.3992	0.391904	0.0433301	0.394292
0.39952	0.294121	-0.0093457	0.29427
0.39984	0.394648	0.226807	0.45518
0.40016	0.279229	0.000175773	0.279229
0.40048	0.40334	-0.0168848	0.403693
0.4008	0.2946	0.0361719	0.296812
0.40112	0.410781	0.00814454	0.410862
0.40144	0.28415	0.00709961	0.284239
0.40176	0.435723	0.133535	0.455726
0.40208	0.32498	0.0445899	0.328025
0.4024	0.434297	-0.0983008	0.445283
0.40272	0.274199	0.0149902	0.274609
0.40304	0.301787	0.0233496	0.302689
0.40336	0.366865	-0.0535645	0.370755
0.40368	0.370654	-0.00533203	0.370693
0.404	0.46543	0.0889063	0.473845
0.40432	0.407842	-0.0209961	0.408382
0.40464	0.369209	0.0378809	0.371147
0.40496	0.420049	-0.109766	0.434154
0.40528	0.376797	-0.0709766	0.383423
0.4056	0.332793	-0.200342	0.388443
0.40592	0.164033	0.138936	0.214965
0.40624	0.31127	-0.00307617	0.311285
0.40656	0.267764	0.16625	0.315177
0.40688	0.465117	0.0936426	0.47445
0.4072	0.461465	0.025791	0.462185
0.40752	0.453311	-0.0424121	0.45529
0.40784	0.212197	-0.00634767	0.212292
0.40816	0.354824	-0.0412402	0.357213
0.40848	0.343633	0.0328125	0.345196
0.4088	0.498408	-0.100205	0.508382
0.40912	0.343242	0.0723145	0.350777
0.40944	0.40416	-0.0481836	0.407022
0.40976	0.338838	-0.0312109	0.340272
0.41008	0.280977	0.025791	0.282158
0.4104	0.319443	-0.0508203	0.323461
0.41072	0.351514	0.0355762	0.353309
0.41104	0.20751	-0.00310547	0.207533
0.41136	0.34542	0.0867871	0.356156
0.41168	0.324199	0.161836	0.362348
0.412	0.363262	-0.137041	0.388252
0.41232	0.389053	-0.226465	0.450165
0.41264	0.310908	-0.213525	0.37717
0.41296	0.214883	0.0986524	0.236446
0.41328	0.330859	0.0685547	0.337887
0.4136	0.24457	0.0806055	0.257511
0.41392	0.315059	-0.037959	0.317337
0.41424	0.221338	0.118945	0.251274
0.41456	0.295098	-0.0449219	0.298497
0.41488	0.364287	0.0541992	0.368297
0.4152	0.238379	-0.0183691	0.239086
0.41552	0.332354	0.00609375	0.332409
0.41584	0.272334	0.0299902	0.27398
0.41616	0.322275	0.0682129	0.329415
0.41648	0.292647	0.00212891	0.292654
0.4168	0.439102	0.0418066	0.441087
0.41712	0.274248	-0.0783496	0.28522
0.41744	0.201768	0.0649024	0.211949
0.41776	0.100996	0.0196191	0.102884
0.41808	0.487022	0.126738	0.503242
0.4184	0.298086	0.122773	0.32238
0.41872	0.345215	-0.0241699	0.34606
0.41904	0.268477	-0.0532324	0.273703
0.41936	0.256377	-0.0276367	0.257862
0.41968	0.268223	-0.0555664	0.273918
0.42	0.374561	-0.0408008	0.376776
0.42032	0.271787	0.0694824	0.280528
0.42064	0.390889	0.0686523	0.396872
0.42096	0.351045	0.0474414	0.354236
0.42128	0.312998	0.0298926	0.314422
0.4216	0.223545	-0.0524609	0.229618
0.42192	0.142275	-0.0245215	0.144373
0.42224	0.310654	-0.00302734	0.310669
0.42256	0.254346	-0.106865	0.275884
0.42288	0.202871	-0.0547754	0.210136
0.4232	0.21374	0.0995313	0.235778
0.42352	0.348613	-0.0383496	0.350716
0.42384	0.287656	0.0206055	0.288393
0.42416	0.182168	-0.00459961	0.182226
0.42448	0.338555	0.0825195	0.348466
0.4248	0.221904	-0.0729883	0.2336
0.42512	0.321709	-0.0229688	0.322528
0.42544	0.314697	0.165361	0.355498
0.42576	0.319746	-0.0311523	0.32126
0.42608	0.208965	0.0429688	0.213337
0.4264	0.21418	-0.108809	0.240234
0.42672	0.294316	0.104502	0.312318
0.42704	0.301367	-0.0283203	0.302695
0.42736	0.342383	0.0639063	0.348296
0.42768	0.304863	-0.134023	0.333022
0.428	0.374873	0.022002	0.375518
0.42832	0.33792	-0.0289258	0.339156
0.42864	0.387139	-0.0780664	0.394931
0.42896	0.246572	0.0298047	0.248367
0.42928	0.159346	-0.0769141	0.176937
0.4296	0.263057	0.0124414	0.263351
0.42992	0.372012	-0.000996089	0.372013
0.43024	0.304473	0.0255664	0.305544
0.43056	0.353428	-0.000498049	0.353428
0.43088	0.25333	-0.00775391	0.253449
0.4312	0.27708	-0.0129883	0.277384
0.43152	0.304219	0.0495508	0.308228
0.43184	0.220908	-0.0247656	0.222292
0.43216	0.426514	-0.0603613	0.430764
0.43248	0.198779	0.011709	0.199124
0.4328	0.329404	0.0475391	0.332817
0.43312	0.274668	-0.055625	0.280244
0.43344	0.410488	0.0820117	0.418601
0.43376	0.280459	-0.0837012	0.292683
0.43408	0.308301	-0.00973633	0.308454
0.4344	0.337324	-0.0324512	0.338882
0.43472	0.365137	-0.0109473	0.365301
0.43504	0.351992	-0.00687501	0.352059
0.43536	0.405166	-0.0227344	0.405803
0.43568	0.147979	0.0841504	0.170232
0.436	0.299629	0.0515332	0.304028
0.43632	0.34123	0.20377	0.397442
0.43664	0.30249	0.0416113	0.305339
0.43696	0.404561	-0.146367	0.430224
0.43728	0.0973242	0.0859766	0.129861
0.4376	0.393945	-0.0856348	0.403145
0.43792	0.257139	-0.0176074	0.257741
0.43824	0.302012	0.0329883	0.303808
0.43856	0.26457	0.067959	0.273159
0.43888	0.397441	-0.213086	0.45096
0.4392	0.360039	0.0147363	0.360341
0.43952	0.27207	-0.0838672	0.284703
0.43984	0.367783	0.0289844	0.368924
0.44016	0.286895	0.0188086	0.28751
0.44048	0.301934	0.0479687	0.30572
0.4408	0.334082	-0.0359961	0.336016
0.44112	0.325508	-0.0427637	0.328305
0.44144	0.389932	-0.113037	0.405985
0.44176	0.236592	-0.019541	0.237397
0.44208	0.311924	-0.130029	0.337941
0.4424	0.182705	-0.0532715	0.190313
0.44272	0.255859	0.0604785	0.26291
0.44304	0.318584	-0.00459961	0.318617
0.44336	0.345615	-0.049541	0.349148
0.44368	0.379785	-0.133193	0.402464
0.444	0.280908	-0.226201	0.360661
0.44432	0.170078	-0.0148047	0.170721
0.44464	0.20917	0.051123	0.215327
0.44496	0.210303	-0.106543	0.235751
0.44528	0.363643	-0.0938086	0.375548
0.4456	0.267832	-0.00657227	0.267913
0.44592	0.212383	0.0962402	0.233171
0.44624	0.392295	-0.0411816	0.394451
0.44656	0.152119	0.0844531	0.17399
0.44688	0.227441	0.273516	0.355725
0.4472	0.135127	0.0139649	0.135847
0.44752	0.335488	0.0541309	0.339827
0.44784	0.275322	-0.123359	0.301695
0.44816	0.210898	0.213535	0.300126
0.44848	0.212881	-0.036582	0.216001
0.4488	0.25248	0.0553027	0.258466
0.44912	0.413066	0.16792	0.445893
0.44944	0.240654	0.0106152	0.240888
0.44976	0.196592	-0.0609082	0.205811
0.45008	0.248174	0.0707031	0.258049
0.4504	0.311094	-0.0477246	0.314733
0.45072	0.153291	0.0173438	0.154269
0.45104	0.244863	0.131797	0.27808
0.45136	0.230195	-0.0295801	0.232088
0.45168	0.165459	-0.0192773	0.166578
0.452	0.195723	0.127744	0.233722
0.45232	0.280547	0.00504882	0.280592
0.45264	0.299033	-0.0264746	0.300203
0.45296	0.320654	0.0273828	0.321821
0.45328	0.271523	-0.0301465	0.273192
0.4536	0.274805	0.0936914	0.290337
0.45392	0.278809	-0.0684668	0.287092
0.45424	0.0930762	0.0105664	0.093674
0.45456	0.268027	0.00821289	0.268153
0.45488	0.300293	0.109238	0.319545
0.4552	0.221963	-0.0745801	0.234157
0.45552	0.24375	0.0095996	0.243939
0.45584	0.240791	-0.0798535	0.253687
0.45616	0.18957	-0.00302734	0.189595
0.45648	0.267168	-0.054707	0.272712
0.4568	0.463027	-0.00112305	0.463029
0.45712	0.11707	-0.0248242	0.119673
0.45744	0.257998	0.0202637	0.258793
0.45776	0.297236	0.0633301	0.303908
0.45808	0.283203	0.0344043	0.285285
0.4584	0.397568	0.0138086	0.397808
0.45872	0.266436	0.0748438	0.276748
0.45904	0.268662	-0.185713	0.326602
0.45936	0.328975	0.00553712	0.329021
0.45968	0.376553	0.00320313	0.376566
0.46	0.233291	0.0229981	0.234422
0.46032	0.3754	0.0464649	0.378265
0.46064	0.261426	-0.127324	0.290783
0.46096	0.248643	0.100947	0.268353
0.46128	0.309912	0.0888965	0.32241
0.4616	0.151572	-0.0523633	0.160362
0.46192	0.400859	-0.095	0.411963
0.46224	0.140645	0.0799512	0.161781
0.46256	0.23084	-0.0114355	0.231123
0.46288	0.169678	0.0936328	0.193798
0.4632	0.15374	-0.0254492	0.155832
0.46352	0.20377	0.0531934	0.210598
0.46384	0.159854	-0.0155859	0.160612
0.46416	0.205986	-0.0829785	0.222072
0.46448	0.147031	0.0205371	0.148459
0.4648	0.242363	-0.0363672	0.245077
0.46512	0.28457	0.0443164	0.288
0.46544	0.105205	0.0565723	0.119451
0.46576	0.163291	0.112109	0.198072
0.46608	0.209688	0.0742676	0.222451
0.4664	0.314541	0.0591211	0.320049
0.46672	0.301221	-0.0736914	0.310104
0.46704	0.197012	-0.0345508	0.200018
0.46736	0.0729688	-0.0770996	0.106155
0.46768	0.206797	-0.0684375	0.217827
0.468	0.169912	-0.0987305	0.196514
0.46832	0.301406	0.00414063	0.301435
0.46864	0.227559	-0.0319727	0.229794
0.46896	0.168467	0.0247461	0.170275
0.46928	0.254834	-0.0189844	0.25554
0.4696	0.0951465	-0.0755469	0.121492
0.46992	0.30041	0.0849414	0.312188
0.47024	0.18833	0.0443848	0.19349
0.47056	0.266992	0.0585352	0.273333
0.47088	0.193613	-0.0427344	0.198273
0.4712	0.254219	-0.0129883	0.25455
0.47152	0.233369	0.226963	0.325535
0.47184	0.192178	0.0016211	0.192185
0.47216	0.435176	0.0191602	0.435597
0.47248	0.217686	-0.193389	0.291181
0.4728	0.265703	0.0412695	0.268889
0.47312	0.185127	-0.11249	0.216624
0.47344	0.261016	0.0781055	0.272451
0.47376	0.239102	-0.0666992	0.24823
0.47408	0.239063	0.0774121	0.251284
0.4744	0.324014	-0.0722949	0.331981
0.47472	0.199121	0.0146484	0.199659
0.47504	0.248672	0.0905566	0.264647
0.47536	0.142783	-0.0163184	0.143713
0.47568	0.40126	0.0133984	0.401483
0.476	0.295615	0.216514	0.366424
0.47632	0.345957	-0.0281934	0.347104
0.47664	0.238584	-0.0927441	0.255976
0.47696	0.282061	0.0949707	0.29762
0.47728	0.267324	-0.0708398	0.276551
0.4776	0.207432	0.0763184	0.221026
0.47792	0.26542	-0.00743165	0.265524
0.47824	0.196504	0.0511523	0.203053
0.47856	0.227207	-0.0769336	0.239879
0.47888	0.16376	-0.0288477	0.166281
0.4792	0.304522	-0.0323242	0.306232
0.47952	0.286592	0.0805664	0.297701
0.47984	0.319502	0.076084	0.328436
0.48016	0.282578	-0.137988	0.31447
0.48048	0.315723	0.0371582	0.317902
0.4808	0.286074	-0.0126465	0.286354
0.48112	0.141943	0.0116211	0.142418
0.48144	0.228193	0.0953027	0.247295
0.48176	0.325547	-0.0206055	0.326198
0.48208	0.277734	-0.0041504	0.277765
0.4824	0.127373	-0.0604395	0.140985
0.48272	0.313145	-0.0216504	0.313892
0.48304	0.357168	0.022041	0.357847
0.48336	0.175615	0.0217578	0.176958
0.48368	0.299248	-0.0337988	0.301151
0.484	0.193506	0.0556641	0.201353
0.48432	0.157402	0.0238281	0.159196
0.48464	0.267148	-0.0258984	0.268401
0.48496	0.216816	0.0314942	0.219092
0.48528	0.209219	-0.132041	0.247401
0.4856	0.172822	0.135967	0.219897
0.48592	0.13249	-0.108535	0.17127
0.48624	0.288486	-0.0631543	0.295318
0.48656	0.362568	0.0125879	0.362787
0.48688	0.162002	-0.0240332	0.163775
0.4872	0.228076	0.0641016	0.236913
0.48752	0.169385	0.106943	0.20032
0.48784	0.213506	0.005625	0.21358
0.48816	0.263125	0.03875	0.265963
0.48848	0.329131	0.0108887	0.329311
0.4888	0.133594	-0.126816	0.1842
0.48912	0.1429	-0.0419727	0.148937
0.48944	0.172588	-0.0238379	0.174226
0.48976	0.147295	-0.00949219	0.1476
0.49008	0.267646	-0.0116797	0.267901
0.4904	0.279609	0.0673926	0.287616
0.49072	0.145332	-0.0829004	0.167314
0.49104	0.224346	0.0273047	0.226001
0.49136	0.206465	0.0217578	0.207608
0.49168	0.202139	-0.00368164	0.202172
0.492	0.111016	-0.0260645	0.114034
0.49232	0.154746	0.174863	0.233503
0.49264	0.214121	-0.0332324	0.216685
0.49296	0.151602	0.0706348	0.167249
0.49328	0.254687	-0.00649414	0.25477
0.4936	0.163818	-0.127227	0.20742
0.49392	0.076377	0.0543555	0.0937441
0.49424	0.192686	0.000937496	0.192688
0.49456	0.224834	0.187764	0.292926
0.49488	0.267578	-0.0248828	0.268733
0.4952	0.081582	-0.00867187	0.0820416
0.49552	0.067793	0.0319824	0.0749584
0.49584	0.243945	0.083252	0.25776
0.49616	0.222393	0.0111719	0.222673
0.49648	0.212461	-0.0117481	0.212786
0.4968	0.282168	-0.080459	0.293415
0.49712	0.282715	0.00967774	0.28288
0.49744	0.198857	0.0607031	0.207916
0.49776	0.28958	0.0792871	0.300238
0.49808	0.238486	0.0511426	0.243908
0.4984	0.232158	-0.0914453	0.249519
0.49872	0.0784277	0.0441504	0.0900009
0.49904	0.153984	-0.0307031	0.157016
0.49936	0.0736621	0.0974512	0.122159
0.49968	0.208789	-0.0797656	0.223507
0.5	0.21335	-0.130557	0.250126
0.50032	0.170205	-0.0512109	0.177742
0.50064	0.137275	-0.00444336	0.137347
0.50096	0.292393	0.00623046	0.292459
0.50128	0.214287	-0.0200586	0.215224
0.5016	0.307773	0.00609375	0.307834
0.50192	0.147588	0.00445313	0.147655
0.50224	0.218272	0.0523926	0.224471
0.50256	0.215908	-0.00576172	0.215985
0.50288	0.0814063	0.0744727	0.110332
0.5032	0.172061	0.0396191	0.176563
0.50352	0.179316	-0.119854	0.215683
0.50384	0.176025	0.0161719	0.176767
0.50416	0.1996	0.0666895	0.210446
0.50448	0.208584	0.0524902	0.215087
0.5048	0.310615	0.0407715	0.31328
0.50512	0.133272	-0.10002	0.166629
0.50544	0.19459	0.139004	0.239139
0.50576	0.23876	-0.151797	0.282928
0.50608	0.0119531	0.107344	0.108007
0.5064	0.270996	0.0432031	0.274418
0.50672	0.265098	0.111709	0.287673
0.50704	0.304287	-0.0077539	0.304386
0.50736	0.221982	0.0568652	0.22915
0.50768	0.320176	0.0291309	0.321498
0.508	0.325049	-0.0658106	0.331644
0.50832	0.22791	0.00719727	0.228024
0.50864	0.30043	-0.146992	0.334462
0.50896	0.205918	-0.0592188	0.214264
0.50928	0.166152	0.00393555	0.166199
0.5096	0.0988281	-0.167568	0.194541
0.50992	0.159522	-0.0135645	0.160097
0.51024	0.118262	-0.186934	0.221201
0.51056	0.172803	0.00445313	0.17286
0.51088	0.0959863	-0.187246	0.210415
0.5112	0.192803	-0.0130566	0.193244
0.51152	0.186982	-0.0658203	0.198229
0.51184	0.249473	0.0795215	0.26184
0.51216	0.153252	-0.0839355	0.174732
0.51248	0.0987402	0.00611329	0.0989293
0.5128	0.149023	-0.0327637	0.152583
0.51312	0.177783	-0.00569336	0.177874
0.51344	0.300518	-0.00013671	0.300518
0.51376	0.306563	0.110068	0.325723
0.51408	0.335195	0.149541	0.36704
0.5144	0.179766	0.151299	0.234962
0.51472	0.218193	0.103584	0.241533
0.51504	0.135566	-0.0271289	0.138254
0.51536	0.171416	-0.0384766	0.175681
0.51568	0.221201	-0.0438184	0.225499
0.516	0.29707	-0.0136133	0.297382
0.51632	0.108105	-0.0417969	0.115904
0.51664	0.123623	-0.065459	0.139884
0.51696	-0.00319336	-0.0249219	0.0251256
0.51728	0.272451	0.10585	0.292291
0.5176	0.245518	0.0974219	0.26414
0.51792	0.187881	0.019668	0.188908
0.51824	0.151563	0.0478906	0.158949
0.51856	0.209199	-0.1071	0.235021
0.51888	0.196152	-0.01625	0.196824
0.5192	0.166553	0.10918	0.199148
0.51952	0.251338	0.0768262	0.262817
0.51984	0.310508	0.00626953	0.310571
0.52016	0.153574	-0.0186914	0.154707
0.52048	0.340986	-0.00685548	0.341055
0.5208	0.244795	-0.0853027	0.259232
0.52112	0.203115	-0.0763672	0.216997
0.52144	0.162705	-0.0804883	0.181525
0.52176	0.173457	0.0574805	0.182733
0.52208	0.189678	-0.121709	0.225368
0.5224	0.128564	0.0527148	0.138952
0.52272	0.0971973	-0.0454883	0.107315
0.52304	0.250068	-0.048877	0.2548
0.52336	0.21835	-0.0674805	0.228539
0.52368	0.102363	-0.048125	0.113112
0.524	0.179541	0.00542969	0.179623
0.52432	0.248496	0.0525586	0.253994
0.52464	0.0568945	0.134023	0.1456
0.52496	0.200498	0.000390624	0.200498
0.52528	0.149248	-0.0105469	0.14962
0.5256	0.0890625	-0.0976367	0.132155
0.52592	0.245938	0.0288574	0.247625
0.52624	0.129775	0.148105	0.196918
0.52656	0.256299	-0.0220703	0.257247
0.52688	0.14292	0.0898926	0.16884
0.5272	0.174209	0.0776465	0.19073
0.52752	0.290322	-0.00259766	0.290334
0.52784	0.228203	0.0150977	0.228702
0.52816	0.231455	-0.0507715	0.236958
0.52848	0.247939	-0.0075	0.248053
0.5288	0.194043	0.143096	0.2411
0.52912	0.244082	0.0422363	0.247709
0.52944	0.206875	0.0114453	0.207191
0.52976	0.251055	0.063291	0.25891
0.53008	0.224404	0.108477	0.249248
0.5304	0.267715	-0.0207422	0.268517
0.53072	0.232217	0.0025293	0.232231
0.53104	0.203291	0.113398	0.23278
0.53136	0.293535	-0.0367676	0.295829
0.53168	0.242773	0.15708	0.289159
0.532	0.209678	-0.0425	0.213942
0.53232	0.254375	0.0611133	0.261613
0.53264	0.228535	-0.00676758	0.228635
0.53296	0.196523	-0.000136721	0.196524
0.53328	0.133389	0.0274707	0.136188
0.5336	0.207363	-0.00978516	0.207594
0.53392	0.166387	0.109756	0.199326
0.53424	0.298418	-0.0441797	0.301671
0.53456	0.286484	0.0860449	0.299127
0.53488	0.095332	-0.0127539	0.0961814
0.5352	0.101973	-0.0061914	0.10216
0.53552	0.149004	0.109385	0.184844
0.53584	0.207588	0.113721	0.236696
0.53616	0.03875	0.109785	0.116423
0.53648	0.137119	-0.0162793	0.138082
0.5368	0.020752	-0.0366602	0.0421261
0.53712	0.220742	0.0389941	0.22416
0.53744	0.215059	-0.0555957	0.222129
0.53776	0.312725	-0.041875	0.315516
0.53808	0.142129	-0.0183691	0.143311
0.5384	0.145313	0.100908	0.176913
0.53872	0.170332	0.155791	0.230833
0.53904	0.210391	0.0586328	0.218408
0.53936	0.0997461	-0.000107422	0.0997462
0.53968	0.0837598	-0.108672	0.137205
0.54	-0.0422949	-0.00476563	0.0425626
0.54032	0.0893555	0.0951758	0.130548
0.54064	0.220088	0.119619	0.250494
0.54096	0.0965234	0.119561	0.15366
0.54128	0.336719	0.0510742	0.34057
0.5416	0.155557	-0.12292	0.19826
0.54192	0.108857	-0.0295996	0.11281
0.54224	0.128516	-0.0107422	0.128964
0.54256	0.151523	0.0326563	0.155003
0.54288	0.163193	-0.0539356	0.171875
0.5432	0.173389	-0.0744434	0.188694
0.54352	0.0116895	0.0203906	0.0235036
0.54384	0.0668164	0.0338086	0.0748829
0.54416	0.191289	0.00477539	0.191349
0.54448	0.216328	-0.00200195	0.216337
0.5448	0.186201	0.080166	0.202725
0.54512	0.125176	-0.00329101	0.125219
0.54544	0.184209	0.112148	0.215662
0.54576	0.258662	-0.123486	0.286627
0.54608	0.216367	0.0309277	0.218566
0.5464	0.269824	-0.0804199	0.281554
0.54672	0.221572	-0.00948243	0.221775
0.54704	0.267344	0.0868457	0.281096
0.54736	0.149922	0.0776367	0.168831
0.54768	0.321523	0.0344434	0.323363
0.548	0.152842	-0.0636426	0.165563
0.54832	0.275439	-0.149932	0.313602
0.54864	0.122119	0.192402	0.227885
0.54896	0.119014	-0.0187598	0.120483
0.54928	0.321885	0.134248	0.348758
0.5496	0.23123	0.0495215	0.236474
0.54992	0.160322	0.0670605	0.173782
0.55024	0.192637	-0.0971777	0.21576
0.55056	0.0219238	-0.0915625	0.0941507
0.55088	0.207412	-0.131826	0.24576
0.5512	0.151201	0.0280859	0.153788
0.55152	0.131641	-0.0356152	0.136373
0.55184	0.187734	0.0554785	0.19576
0.55216	0.175801	-0.0561621	0.184554
0.55248	0.199668	-0.0796777	0.214979
0.5528	0.164805	-0.0381836	0.16917
0.55312	0.121191	0.119687	0.17033
0.55344	0.0373047	0.0400879	0.0547602
0.55376	0.218457	0.057207	0.225823
0.55408	0.0646484	0.0832617	0.105413
0.5544	0.251348	-0.0512988	0.256529
0.55472	0.192354	0.0196289	0.193352
0.55504	0.344922	0.0223145	0.345643
0.55536	0.243936	-0.0518457	0.249384
0.55568	0.295391	-0.0317871	0.297096
0.556	0.0199316	-0.0484473	0.0523871
0.55632	0.105723	-0.0345703	0.111231
0.55664	0.22665	0.00891602	0.226826
0.55696	0.188174	0.0924512	0.209658
0.55728	0.173975	-0.0220312	0.175364
0.5576	0.214756	-0.10334	0.238326
0.55792	0.0203613	0.0528125	0.0566016
0.55824	0.174863	0.0455469	0.180698
0.55856	0.187207	0.0502051	0.193822
0.55888	0.176436	0.103857	0.204734
0.5592	0.330029	0.0919629	0.342603
0.55952	0.148916	0.0921777	0.175136
0.55984	0.20084	-0.0581543	0.20909
0.56016	0.329814	-0.0989355	0.344334
0.56048	0.115479	0.111201	0.160315
0.5608	0.172031	-0.00666992	0.172161
0.56112	0.0641016	-0.0225586	0.0679551
0.56144	0.126982	-0.120664	0.175169
0.56176	0.136973	0.0429688	0.143554
0.56208	0.174395	-0.0744043	0.189603
0.5624	0.0955274	-0.0588477	0.112199
0.56272	0.14543	-0.0620703	0.158122
0.56304	0.188447	-0.0824805	0.205707
0.56336	0.0462598	0.0406641	0.0615917
0.56368	0.0809375	-0.0168359	0.08267
0.564	0.15748	0.0788574	0.176121
0.56432	0.169414	0.0236914	0.171063
0.56464	0.283535	0.0186816	0.28415
0.56496	0.221826	-0.0211133	0.222829
0.56528	0.192324	-0.0155469	0.192952
0.5656	0.0652344	0.0524805	0.0837241
0.56592	0.239209	-0.0749707	0.250682
0.56624	0.167793	-0.071543	0.182409
0.56656	0.107188	0.138828	0.175392
0.56688	0.210928	-0.0840039	0.22704
0.5672	0.18041	0.0156836	0.181091
0.56752	0.156602	-0.0748535	0.173572
0.56784	0.185537	-0.0507813	0.192361
0.56816	0.185029	0.0317383	0.187732
0.56848	0.190254	-0.105312	0.217456
0.5688	0.163682	0.0762012	0.18055
0.56912	0.229795	-0.0139746	0.230219
0.56944	0.197832	0.0808203	0.213704
0.56976	0.191045	-0.0728125	0.20445
0.57008	0.0576367	-0.0716602	0.0919629
0.5704	0.21042	0.0100098	0.210658
0.57072	0.109463	-0.0948242	0.144823
0.57104	0.0985645	0.081709	0.128029
0.57136	0.222666	0.0678906	0.232786
0.57168	0.145313	0.0786914	0.165252
0.572	0.142256	0.0649609	0.156386
0.57232	0.221201	0.110889	0.247439
0.57264	0.219189	-0.0168262	0.219834
0.57296	-0.0355566	-0.0244727	0.0431646
0.57328	0.345957	0.0262695	0.346953
0.5736	0.24417	-0.0304395	0.24606
0.57392	0.149033	0.0221973	0.150677
0.57424	0.152275	0.0394727	0.157308
0.57456	0.179121	0.00398437	0.179165
0.57488	0.120918	0.0255371	0.123585
0.5752	0.143115	0.0234277	0.14502
0.57552	0.0264844	0.0278516	0.0384335
0.57584	0.161182	0.154883	0.223536
0.57616	0.0985352	0.0308203	0.103243
0.57648	0.116016	0.0495996	0.126173
0.5768	0.133809	0.11042	0.173486
0.57712	0.236826	0.0750195	0.248424
0.57744	-0.0149023	-0.0912207	0.09243
0.57776	0.189736	0.061748	0.199531
0.57808	0.108691	0.0324805	0.113441
0.5784	0.262314	0.0165332	0.262835
0.57872	0.135078	0.046543	0.142872
0.57904	0.110811	0.0328711	0.115583
0.57936	0.319404	0.0513672	0.323508
0.57968	0.143262	0.0860254	0.167106
0.58	0.184199	0.0483887	0.190449
0.58032	0.0842383	0.0186621	0.0862807
0.58064	0.287061	0.167783	0.332498
0.58096	0.134072	-0.0957813	0.164771
0.58128	0.0567188	0.0610547	0.0833348
0.5816	0.185371	-7.81243e-005	0.185371
0.58192	0.190654	0.131172	0.23142
0.58224	0.186377	-0.036416	0.189901
0.58256	0.217246	0.163848	0.272106
0.58288	0.107373	-0.0792871	0.133474
0.5832	0.128984	0.00652344	0.129149
0.58352	0.141865	0.0071875	0.142047
0.58384	0.19335	0.058457	0.201993
0.58416	0.0638086	0.0651953	0.0912248
0.58448	0.198643	0.0598828	0.207472
0.5848	0.105244	-0.0498535	0.116455
0.58512	0.158027	-0.0333106	0.1615
0.58544	0.0443164	0.0228223	0.0498478
0.58576	0.136436	-0.0521484	0.146062
0.58608	-0.00918946	0.0216016	0.023475
0.5864	0.171367	0.072959	0.186252
0.58672	0.0399512	0.0608008	0.0727518
0.58704	0.0311426	0.0746777	0.0809112
0.58736	0.23541	0.0726563	0.246367
0.58768	0.271904	0.00655274	0.271983
0.588	0.237451	-0.132803	0.272066
0.58832	0.0502246	-0.0679102	0.0844648
0.58864	0.11002	0.0257031	0.112982
0.58896	0.118594	0.133096	0.178266
0.58928	0.187607	0.0322168	0.190354
0.5896	0.218965	-0.015293	0.219498
0.58992	0.0603027	0.150596	0.16222
0.59024	0.156416	-0.00305664	0.156446
0.59056	0.0963086	0.024375	0.0993453
0.59088	0.0954981	-0.0971289	0.136213
0.5912	0.2329	-0.0342773	0.235409
0.59152	0.126084	-0.0310059	0.12984
0.59184	0.206631	-0.0643848	0.216429
0.59216	0.0658203	0.0734766	0.0986465
0.59248	0.276338	-0.0110254	0.276558
0.5928	0.20791	-0.00888672	0.2081
0.59312	-0.00194336	0.0152734	0.0153966
0.59344	-0.011123	-0.0629883	0.0639629
0.59376	-0.0122656	-0.0360156	0.038047
0.59408	0.148213	0.053125	0.157446
0.5944	0.180293	-0.00586914	0.180389
0.59472	0.101816	0.121777	0.158733
0.59504	0.0586719	-0.0139551	0.0603087
0.59536	0.215977	0.0333594	0.218538
0.59568	0.133984	-0.00263672	0.13401
0.596	0.122734	-0.109365	0.164391
0.59632	0.202578	-0.0709473	0.214643
0.59664	0.0833887	-0.0313477	0.0890862
0.59696	0.107441	-0.0262305	0.110597
0.59728	0.0746387	-0.0173438	0.0766273
0.5976	0.0879688	-0.0469336	0.0997059
0.59792	0.0862891	-0.0427246	0.096287
0.59824	0.0414258	0.0660938	0.0780031
0.59856	0.270127	-0.0271387	0.271487
0.59888	0.183633	0.100684	0.209423
0.5992	0.127295	0.073623	0.147052
0.59952	0.0730176	-0.0441992	0.085353
0.59984	0.137051	-0.0849219	0.161229
0.60016	0.0166113	0.0488086	0.0515579
0.60048	0.162842	-0.00292969	0.162868
0.6008	0.146396	-0.00419923	0.146457
0.60112	0.221357	-0.0842188	0.236837
0.60144	0.213203	-0.0736719	0.225573
0.60176	0.139277	-0.00513671	0.139372
0.60208	0.247666	-0.00180665	0.247673
0.6024	0.0135059	0.173252	0.173778
0.60272	0.288086	-0.107002	0.307316
0.60304	0.091709	-0.0451563	0.102223
0.60336	0.0923047	-0.0623828	0.111408
0.60368	0.19917	-0.0843652	0.216301
0.604	0.0783594	0.0375684	0.0868998
0.60432	0.0708594	0.0558106	0.090199
0.60464	0.00807617	-0.0215625	0.0230253
0.60496	0.14916	0.0400586	0.154446
0.60528	0.104609	-0.0402148	0.112073
0.6056	0.155947	-0.0371387	0.160309
0.60592	0.017207	-0.0579297	0.0604312
0.60624	-0.00601562	0.0679688	0.0682344
0.60656	0.0572461	-0.0162402	0.0595051
0.60688	0.1375	0.0784863	0.158324
0.6072	0.184473	0.015127	0.185092
0.60752	0.200937	-0.0288477	0.202998
0.60784	0.214609	0.108359	0.240414
0.60816	0.146934	-0.157422	0.21534
0.60848	0.106885	-0.119043	0.159986
0.6088	0.185107	-0.0597852	0.194523
0.60912	0.201523	0.0490527	0.207408
0.60944	0.17625	0.0447363	0.181839
0.60976	0.126504	0.0154004	0.127438
0.61008	0.184209	0.0443457	0.189472
0.6104	0.189766	0.0272363	0.19171
0.61072	0.081377	-0.0192773	0.0836291
0.61104	0.0981934	-0.109736	0.147255
0.61136	0.250147	0.133662	0.283617
0.61168	0.196387	0.0145117	0.196922
0.612	0.138311	-0.00415039	0.138373
0.61232	0.263633	-0.0739453	0.273807
0.61264	0.263018	0.0512402	0.267962
0.61296	0.161611	0.136279	0.211401
0.61328	0.308984	-0.0205078	0.309664
0.6136	0.24834	0.00634765	0.248421
0.61392	0.197285	-0.0745215	0.210891
0.61424	0.156885	-0.0703809	0.171949
0.61456	0.0770215	-0.0707324	0.104572
0.61488	0.19541	-0.0964356	0.21791
0.6152	0.144883	-0.0354687	0.149161
0.61552	0.0951856	-0.0828906	0.126219
0.61584	0.049668	0.0946289	0.106872
0.61616	0.190147	-0.00345703	0.190178
0.61648	0.210479	-0.0770215	0.224128
0.6168	0.136201	0.0252148	0.138516
0.61712	0.186221	0.0204688	0.187342
0.61744	0.102998	-0.050127	0.114548
0.61776	0.154375	-0.151729	0.216456
0.61808	-0.018916	0.0369434	0.0415046
0.6184	0.186104	0.0923242	0.207746
0.61872	0.10625	-0.0120019	0.106926
0.61904	0.230137	0.0421387	0.233963
0.61936	0.0449805	-0.0104102	0.0461694
0.61968	0.10999	-0.0611524	0.125847
0.62	0.0424609	0.0178418	0.0460571
0.62032	0.177197	0.0208496	0.17842
0.62064	0.0680664	0.0736426	0.100281
0.62096	0.148857	0.0997949	0.179214
0.62128	0.180684	0.149854	0.23474
0.6216	0.161563	-0.0271191	0.163823
0.62192	0.130244	0.0843457	0.15517
0.62224	0.173057	-0.070127	0.186725
0.62256	0.18707	0.0655273	0.198215
0.62288	0.0825488	-0.173369	0.192019
0.6232	0.0556836	0.00736329	0.0561683
0.62352	0.111152	-0.114785	0.159783
0.62384	-3.90699e-005	0.0864258	0.0864258
0.62416	0.0135059	-0.1279	0.128612
0.62448	0.109678	0.0977344	0.146905
0.6248	0.00805664	0.134648	0.134889
0.62512	0.0690625	0.0552734	0.0884578
0.62544	0.0916504	0.0028711	0.0916953
0.62576	0.127168	-0.0545703	0.138382
0.62608	0.149502	-0.093291	0.176222
0.6264	0.215557	0.000703124	0.215558
0.62672	0.16915	-0.0753027	0.185155
0.62704	0.273096	0.0398828	0.275993
0.62736	0.0845801	0.0219141	0.0873729
0.62768	0.229531	0.0857422	0.245023
0.628	0.166738	0.0354199	0.170459
0.62832	0.133457	-0.0692676	0.150362
0.62864	0.193975	-0.0265137	0.195778
0.62896	0.0929492	0.0855176	0.126304
0.62928	0.127031	0.0829492	0.151715
0.6296	0.124961	-0.042373	0.13195
0.62992	0.194805	-0.0558594	0.202655
0.63024	0.104287	-0.0453711	0.113729
0.63056	0.153223	0.0234961	0.155014
0.63088	0.123398	0.029209	0.126808
0.6312	0.140977	0.0850098	0.164624
0.63152	0.148818	0.0294531	0.151705
0.63184	0.0939649	-0.0531055	0.107933
0.63216	0.121943	0.0429297	0.129279
0.63248	0.0870019	-0.0402832	0.0958753
0.6328	0.201846	0.0313477	0.204265
0.63312	0.151953	-0.0715332	0.167949
0.63344	0.0224805	0.0988184	0.101343
0.63376	0.0686524	-0.00808595	0.0691269
0.63408	0.0574805	-0.00923828	0.0582181
0.6344	0.0665625	-0.0570801	0.0876852
0.63472	0.0866211	-0.015293	0.0879607
0.63504	0.171006	-0.0763867	0.187291
0.63536	0.0196777	0.0641504	0.0671006
0.63568	0.401543	-0.104932	0.415027
0.636	0.000751945	0.00517578	0.00523012
0.63632	0.23168	0.129473	0.265403
0.63664	0.0757813	-0.0783008	0.108967
0.63696	0.188369	-0.0512207	0.195209
0.63728	0.11583	0.039834	0.122488
0.6376	0.261318	-0.0657422	0.269461
0.63792	0.228711	-0.111338	0.254371
0.63824	-0.0592383	-0.0418457	0.0725275
0.63856	0.143408	0.00191405	0.143421
0.63888	0.114922	-0.0258105	0.117785
0.6392	0.170234	-0.00833008	0.170438
0.63952	0.140098	0.00743165	0.140295
0.63984	0.128086	-0.0394922	0.134036
0.64016	0.150264	0.0289648	0.15303
0.64048	0.167168	0.0800684	0.185354
0.6408	0.218398	0.0529395	0.224723
0.64112	0.0767676	0.0290723	0.0820881
0.64144	0.102061	0.0166504	0.10341
0.64176	0.202949	0.141143	0.247204
0.64208	0.209072	0.0713672	0.220917
0.6424	0.176182	-0.0973047	0.201266
0.64272	0.101289	0.0801465	0.129162
0.64304	0.170879	-0.0700488	0.184679
0.64336	0.0280371	0.132871	0.135797
0.64368	0.124063	0.0983105	0.158292
0.644	0.188438	0.0938672	0.210523
0.64432	0.17582	0.0163184	0.176576
0.64464	0.111924	-0.0779004	0.136365
0.64496	0.184268	-0.0171484	0.185064
0.64528	0.169434	0.00808594	0.169626
0.6456	-0.0599805	0.153467	0.164772
0.64592	0.0470117	0.0245703	0.0530453
0.64624	0.111611	0.00117188	0.111617
0.64656	0.229268	-0.0353418	0.231976
0.64688	0.195762	0.0527734	0.20275
0.6472	0.195439	-0.0899609	0.21515
0.64752	0.0770898	-0.112539	0.136411
0.64784	0.0407227	-0.112988	0.120103
0.64816	0.0366992	-0.00991211	0.0380142
0.64848	0.130137	0.0421875	0.136804
0.6488	0.0103125	-0.158193	0.158529
0.64912	0.122852	-0.103662	0.160743
0.64944	0.163281	-0.0557715	0.172543
0.64976	0.102432	-0.0736524	0.126162
0.65008	0.0141992	0.0966016	0.0976395
0.6504	0.12998	0.105811	0.167603
0.65072	0.230947	-0.0204199	0.231848
0.65104	0.171074	-0.030498	0.173771
0.65136	0.155488	-0.108857	0.189807
0.65168	0.00130859	-0.052168	0.0521844
0.652	0.145576	0.0814355	0.166806
0.65232	0.191045	-0.0222656	0.192338
0.65264	0.185254	-0.0513281	0.192233
0.65296	0.23748	-0.00583007	0.237552
0.65328	0.155303	-0.0187988	0.156436
0.6536	0.168057	0.258213	0.308086
0.65392	0.160576	-0.0581641	0.170786
0.65424	-0.0549219	0.0504102	0.0745493
0.65456	0.149785	-0.0678223	0.164425
0.65488	0.091543	-0.0197656	0.0936525
0.6552	0.139951	-0.148721	0.204216
0.65552	0.0636328	-0.0764258	0.0994487
0.65584	0.158691	-0.0585938	0.169163
0.65616	0.137051	-0.109053	0.175144
0.65648	0.0273145	0.0983203	0.102044
0.6568	0.0361914	0.0506934	0.0622867
0.65712	0.171064	0.00320313	0.171094
0.65744	0.0883399	0.119053	0.148248
0.65776	0.0787793	-0.0447754	0.0906146
0.65808	0.118662	-0.0612402	0.133533
0.6584	0.132158	0.0395703	0.137955
0.65872	0.0199902	0.0182324	0.0270561
0.65904	0.0793555	0.0612012	0.100214
0.65936	0.165547	0.0447852	0.171498
0.65968	0.165713	0.0435449	0.171339
0.66	0.179189	0.141299	0.228198
0.66032	0.0673926	-0.0319629	0.0745881
0.66064	0.244453	0.124941	0.274532
0.66096	0.128623	-0.0644922	0.143886
0.66128	0.0997168	0.105732	0.145337
0.6616	0.178652	-0.0303711	0.181216
0.66192	0.17625	0.00124024	0.176254
0.66224	0.143955	0.0325684	0.147593
0.66256	0.382656	0.102227	0.396076
0.66288	0.0935352	0.0862793	0.127252
0.6632	-0.00700195	0.0221289	0.0232103
0.66352	0.162217	0.177031	0.240113
0.66384	0.145498	-0.078125	0.165146
0.66416	0.168662	-0.0102344	0.168972
0.66448	0.00362305	-0.0858203	0.0858968
0.6648	0.0543555	-0.0209473	0.0582521
0.66512	0.128516	0.0972559	0.161168
0.66544	0.158369	-0.0575781	0.168511
0.66576	0.085	-0.102686	0.133302
0.66608	0.0640137	0.0211133	0.0674057
0.6664	0.102139	0.0844336	0.132519
0.66672	0.0205664	-0.0284082	0.0350714
0.66704	0.0876953	-0.0480567	0.0999996
0.66736	0.0141699	-0.00774415	0.016148
0.66768	0.110713	0.0276758	0.11412
0.668	0.10998	0.0590918	0.12485
0.66832	0.0677832	-0.0741602	0.10047
0.66864	0.159834	-0.00604493	0.159948
0.66896	0.122588	-0.0344141	0.127327
0.66928	0.182861	0.0103613	0.183155
0.6696	0.185147	-0.12124	0.221311
0.66992	0.131006	-0.0914356	0.159759
0.67024	0.10209	-0.108701	0.149125
0.67056	0.0822949	0.00801758	0.0826846
0.67088	0.0666504	-0.0240625	0.070861
0.6712	0.165225	-0.00371094	0.165266
0.67152	0.0441699	0.0668262	0.0801044
0.67184	0.131172	0.0753125	0.151255
0.67216	0.104248	-0.00313477	0.104295
0.67248	0.254072	0.12709	0.284085
0.6728	0.0551855	0.0442285	0.070722
0.67312	0.250117	0.14082	0.287035
0.67344	0.269209	-0.0508691	0.273973
0.67376	0.0904688	-0.0221777	0.0931474
0.67408	0.118965	0.0530469	0.130256
0.6744	0.106348	-0.126904	0.165573
0.67472	0.126191	-0.0330664	0.130452
0.67504	0.0824805	-0.0604785	0.102277
0.67536	0.213184	0.138242	0.254083
0.67568	0.111934	-0.121367	0.165103
0.676	0.016875	-0.0769629	0.0787912
0.67632	0.404941	0.0658008	0.410253
0.67664	0.136006	0.0756445	0.155627
0.67696	0.183252	-0.0157227	0.183925
0.67728	0.134385	0.121094	0.180895
0.6776	0.194248	-0.192471	0.273454
0.67792	0.219502	0.0263672	0.22108
0.67824	0.0255567	-0.128838	0.131348
0.67856	0.130381	0.0335644	0.134632
0.67888	0.169531	-0.0148633	0.170182
0.6792	0.125244	0.0829687	0.150233
0.67952	-0.0417481	0.0828906	0.0928103
0.67984	0.202256	0.0819434	0.218225
0.68016	0.0554981	-0.0384766	0.0675313
0.68048	0.172588	-0.0302637	0.175221
0.6808	0.0386524	-0.0429004	0.0577447
0.68112	0.0533887	-0.042041	0.0679544
0.68144	0.0713184	0.079375	0.106708
0.68176	0.127969	-0.045	0.13565
0.68208	0.237871	0.0298242	0.239733
0.6824	0.0860254	-0.0379102	0.0940083
0.68272	0.106914	0.0241016	0.109597
0.68304	0.0985352	0.168115	0.194864
0.68336	0.155127	-0.0564355	0.165074
0.68368	0.0979102	0.0128516	0.09875
0.684	0.0798926	-0.0693555	0.105797
0.68432	0.0481055	0.107598	0.117862
0.68464	0.122354	-0.00396484	0.122418
0.68496	0.286016	0.0355664	0.288218
0.68528	0.000957028	0.0614941	0.0615016
0.6856	0.262031	-0.133525	0.294091
0.68592	0.0679395	-0.062666	0.0924273
0.68624	0.199639	0.176035	0.266165
0.68656	0.0170117	-0.0410938	0.0444758
0.68688	0.100293	0.0788184	0.127558
0.6872	0.165313	0.0181348	0.166304
0.68752	0.132314	0.0781055	0.153648
0.68784	0.0243652	-0.0902637	0.0934944
0.68816	-0.0430957	0.19709	0.201747
0.68848	0.226973	-0.0407422	0.2306
0.6888	0.19793	0.00613282	0.198025
0.68912	0.202715	0.0408203	0.206784
0.68944	0.0966406	-0.0628906	0.115302
0.68976	0.109326	0.0362012	0.115164
0.69008	-0.0134961	0.0215527	0.0254296
0.6904	0.059043	-0.0331738	0.0677243
0.69072	-0.00254883	-0.0761523	0.076195
0.69104	0.0807715	0.0728613	0.108779
0.69136	0.0616699	0.0187109	0.0644459
0.69168	0.21875	0.0793262	0.232689
0.692	0.13708	-0.155723	0.207462
0.69232	0.196133	-0.000205087	0.196133
0.69264	0.181445	-0.06125	0.191504
0.69296	0.155156	0.0302832	0.158084
0.69328	0.0861621	-0.00245118	0.086197
0.6936	0.181953	0.0223438	0.18332
0.69392	0.148428	-0.118516	0.189939
0.69424	0.0921387	0.00301758	0.0921881
0.69456	0.212158	0.048877	0.217716
0.69488	0.129229	-0.0294922	0.132551
0.6952	0.0105567	-0.0138672	0.0174282
0.69552	0.0845606	-0.0686035	0.10889
0.69584	0.189766	0.078584	0.205393
0.69616	0.0922461	-0.0729687	0.117617
0.69648	0.0705859	0.0340723	0.0783792
0.6968	0.28501	0.0707227	0.293653
0.69712	0.0394824	-0.0532617	0.0662999
0.69744	0.074707	-0.0573145	0.0941599
0.69776	0.186748	-0.013291	0.18722
0.69808	0.0431836	-0.0118164	0.0447711
0.6984	0.0775879	-0.0560449	0.0957127
0.69872	0.0965625	-0.057793	0.112536
0.69904	-0.0248242	-0.048457	0.0544456
0.69936	0.113799	-0.0339551	0.118757
0.69968	-0.0258106	0.102402	0.105605
0.7	0.0851856	-0.0680176	0.109009
0.70032	0.0781738	-0.0623242	0.0999773
0.70064	0.112295	0.0283203	0.115811
0.70096	0.0623145	0.0237891	0.0667009
0.70128	0.122207	-0.143672	0.188616
0.7016	0.0770215	0.0314062	0.0831785
0.70192	-0.0279199	-0.00205078	0.0279951
0.70224	0.206611	0.00271484	0.206629
0.70256	0.156025	0.0129492	0.156562
0.70288	0.075918	0.0166699	0.0777266
0.7032	0.0140527	0.0236328	0.0274953
0.70352	0.0190039	0.0162402	0.0249979
0.70384	0.0880176	-0.0441797	0.0984832
0.70416	0.21957	0.0829395	0.234713
0.70448	0.0986621	0.0490723	0.110192
0.7048	0.23834	-0.0750391	0.249873
0.70512	0.116172	-0.0366406	0.121813
0.70544	0.215166	0.0747949	0.227795
0.70576	0.0876367	-0.0171777	0.0893044
0.70608	0.246572	0.00298829	0.24659
0.7064	0.0350488	0.109307	0.114788
0.70672	0.204316	0.0117285	0.204653
0.70704	0.123418	0.0411816	0.130107
0.70736	0.132041	0.00454101	0.132119
0.70768	0.114033	-0.0130566	0.114778
0.708	0.112656	-0.0295996	0.11648
0.70832	-0.0348047	-0.0603223	0.069643
0.70864	0.187441	0.0036621	0.187477
0.70896	0.224814	-0.072832	0.236318
0.70928	0.189902	0.0546875	0.19762
0.7096	0.107471	0.0700684	0.128295
0.70992	0.165576	-0.10749	0.197407
0.71024	0.0658106	0.0566309	0.0868221
0.71056	0.141758	0.00618163	0.141893
0.71088	0.155264	-0.0156738	0.156053
0.7112	-0.0203027	-0.0601563	0.06349
0.71152	0.014541	0.0803125	0.0816183
0.71184	0.173105	0.0200684	0.174265
0.71216	0.129932	0.00847656	0.130208
0.71248	0.0768457	0.0928906	0.120557
0.7128	-0.0653223	0.146084	0.160024
0.71312	0.0845703	-0.00211913	0.0845969
0.71344	0.160703	-0.0905176	0.184442
0.71376	0.0738574	0.116387	0.137843
0.71408	-0.00667969	-0.0110449	0.0129077
0.7144	0.0295313	0.0948828	0.0993723
0.71472	-0.0498242	0.000214837	0.0498247
0.71504	0.205439	-0.00336914	0.205467
0.71536	-0.0259473	0.0891602	0.092859
0.71568	0.240879	0.0250586	0.242179
0.716	0.0106836	-0.0224707	0.0248811
0.71632	0.132344	0.101621	0.166858
0.71664	-0.0516895	-0.0268457	0.0582451
0.71696	0.25123	0.067041	0.260022
0.71728	0.0425098	-0.0584766	0.0722952
0.7176	0.174424	-0.156777	0.234527
0.71792	0.0645313	-0.0551758	0.0849038
0.71824	0.108047	0.0852734	0.137643
0.71856	0.0978613	0.0128711	0.0987041
0.71888	0.210703	0.0653516	0.220605
0.7192	0.203096	-0.0400195	0.207001
0.71952	0.0904492	0.00504882	0.09059
0.71984	0.184658	-0.101504	0.210717
0.72016	0.0796582	-0.0257617	0.0837203
0.72048	0.0217774	-0.00875977	0.0234731
0.7208	0.073418	0.0970605	0.1217
0.72112	0.0257324	-0.0319141	0.0409959
0.72144	0.155166	-0.0818164	0.175415
0.72176	0.142227	-0.0653809	0.156535
0.72208	0.0400488	-0.0248242	0.0471185
0.7224	0.203291	0.0755957	0.216892
0.72272	0.0637207	-0.131426	0.146058
0.72304	0.208154	0.168525	0.267823
0.72336	0.198262	-0.0275977	0.200173
0.72368	0.105059	0.140234	0.175223
0.724	0.139863	0.0380957	0.144959
0.72432	0.132578	-0.00966797	0.13293
0.72464	0.0136816	0.151377	0.151994
0.72496	0.0895801	-0.0511621	0.103161
0.72528	-0.0611914	0.0651172	0.0893568
0.7256	0.0736621	-0.10458	0.127918
0.72592	0.0331152	0.056416	0.065417
0.72624	0.0771582	-0.0692285	0.103663
0.72656	0.138369	0.0154199	0.139226
0.72688	-0.0356738	0.0464746	0.0585876
0.7272	0.0957715	-0.0146582	0.0968867
0.72752	-0.0100098	0.177969	0.17825
0.72784	0.119551	0.138193	0.182729
0.72816	0.0633106	0.127822	0.142642
0.72848	0.0867774	0.0412793	0.0960952
0.7288	0.0670703	-0.0300098	0.073478
0.72912	0.0205957	-0.0184961	0.0276819
0.72944	0.0464648	-0.0708301	0.0847106
0.72976	0.0190039	0.0775	0.079796
0.73008	0.0716406	0.00183594	0.0716642
0.7304	0.137227	0.0560547	0.148234
0.73072	0.00934571	-0.111709	0.112099
0.73104	0.0506934	-0.0514942	0.0722597
0.73136	0.0142285	-0.00721679	0.0159541
0.73168	0.0603809	-0.0610449	0.0858623
0.732	0.0565039	0.0413574	0.0700223
0.73232	0.0450879	-0.095166	0.105307
0.73264	0.212559	0.0654688	0.222412
0.73296	0.0780859	-0.100479	0.127253
0.73328	0.149082	-0.0594238	0.160489
0.7336	-0.00533203	0.0330273	0.033455
0.73392	0.243242	0.0441406	0.247215
0.73424	0.0805469	-0.0460547	0.0927838
0.73456	-0.0228906	-0.0170801	0.0285606
0.73488	0.0249316	0.00358398	0.0251879
0.7352	-0.0124512	0.0228125	0.0259893
0.73552	0.0692285	0.014082	0.0706462
0.73584	0.00352539	0.0531543	0.0532711
0.73616	0.153633	0.0739355	0.170498
0.73648	0.0943945	0.055332	0.109416
0.7368	0.158662	-0.0378027	0.163103
0.73712	0.149785	-0.0341602	0.153631
0.73744	0.134434	-0.0575781	0.146245
0.73776	0.0426465	0.0615039	0.0748429
0.73808	0.153447	0.0719434	0.169475
0.7384	-0.0106055	0.0427246	0.0440212
0.73872	0.0812793	0.0795215	0.11371
0.73904	0.0760254	0.0866797	0.115296
0.73936	0.128965	-0.0118066	0.129504
0.73968	0.0614356	0.053584	0.0815204
0.74	0.14002	-0.0113086	0.140475
0.74032	0.087168	-0.032168	0.0929141
0.74064	0.047002	0.0228906	0.0522797
0.74096	0.0592969	-0.0890723	0.107005
0.74128	0.00945313	0.0474707	0.0484028
0.7416	0.082959	-0.0349707	0.0900286
0.74192	0.0319922	0.0540039	0.0627688
0.74224	0.119775	0.0519434	0.130554
0.74256	-0.0149023	-0.169395	0.170049
0.74288	-0.0115918	0.03	0.0321616
0.7432	0.0155469	-0.1296	0.130529
0.74352	-0.0328125	-0.0411524	0.0526325
0.74384	0.133789	-0.0217285	0.135542
0.74416	-0.0526074	0.0715137	0.0887792
0.74448	0.025752	0.0513574	0.0574521
0.7448	0.162803	0.0962012	0.189102
0.74512	0.173369	0.0413867	0.178241
0.74544	0.129697	-0.00212891	0.129715
0.74576	0.0764355	-0.00923827	0.0769918
0.74608	0.131699	0.0203223	0.133258
0.7464	0.177148	0.0643945	0.188489
0.74672	0.0852832	-0.0161426	0.0867975
0.74704	0.0152344	0.064834	0.0665998
0.74736	-0.000957035	-0.0552832	0.0552915
0.74768	0.0999219	0.051748	0.112527
0.748	0.0466309	-0.0691309	0.0833877
0.74832	0.0337109	0.0797559	0.0865877
0.74864	0.0586231	-0.0764941	0.0963744
0.74896	0.113701	0.0964453	0.149096
0.74928	0.116826	-0.0308203	0.120823
0.7496	0.00912108	0.0711328	0.0717152
0.74992	0.244502	-0.112891	0.269306
0.75024	0.00503906	-0.0413574	0.0416633
0.75056	0.0451465	-0.0150098	0.0475762
0.75088	0.032041	0.216123	0.218485
0.7512	0.126904	0.0447363	0.134559
0.75152	0.305977	-0.105449	0.323637
0.75184	-0.0321387	-0.0200098	0.0378588
0.75216	0.25791	0.0470605	0.262169
0.75248	0.0244434	-0.0365332	0.0439563
0.7528	0.120498	0.056416	0.133051
0.75312	0.183623	0.0499023	0.190283
0.75344	0.256543	0.0376563	0.259292
0.75376	0.160234	-0.0320312	0.163405
0.75408	0.077207	-0.0654102	0.10119
0.7544	0.256865	-0.0292774	0.258528
0.75472	0.0569434	0.111338	0.125055
0.75504	0.111914	0.109766	0.156759
0.75536	-0.0724609	-0.153076	0.16936
0.75568	0.195596	-0.0158008	0.196233
0.756	0.0719336	0.0570508	0.0918109
0.75632	0.0762207	0.10832	0.13245
0.75664	0.185869	-0.0217774	0.187141
0.75696	0.109619	0.125068	0.166308
0.75728	0.171143	0.0629102	0.182339
0.7576	-0.0116504	-0.0585645	0.059712
0.75792	0.130352	-0.0134766	0.131046
0.75824	0.0602637	0.0219141	0.0641244
0.75856	0.160088	0.00789063	0.160282
0.75888	0.0736914	0.0628809	0.0968732
0.7592	-0.00863282	0.0590918	0.0597191
0.75952	0.0947949	-0.101191	0.138657
0.75984	0.058252	-0.0427832	0.0722751
0.76016	0.060166	-0.118545	0.132939
0.76048	0.113066	-0.0870898	0.142719
0.7608	0.00107423	0.00822267	0.00829254
0.76112	0.112998	0.0183594	0.11448
0.76144	0.119512	-0.00781249	0.119767
0.76176	0.0648535	-0.144033	0.157961
0.76208	-0.0998633	-0.0487305	0.111119
0.7624	0.0687207	-0.00581055	0.0689659
0.76272	0.0616699	-0.0809766	0.101786
0.76304	0.0744434	0.0817773	0.110586
0.76336	0.167773	0.0040918	0.167823
0.76368	0.095957	0.126318	0.158632
0.764	0.151758	0.0662793	0.1656
0.76432	0.18583	0.0363867	0.189359
0.76464	0.0532324	0.109482	0.121738
0.76496	0.17123	-0.000830087	0.171233
0.76528	0.0334375	0.0468652	0.057571
0.7656	0.0770996	0.0165918	0.0788647
0.76592	0.0547656	0.0748926	0.0927802
0.76624	0.141074	-0.0438184	0.147723
0.76656	0.0561035	0.0132031	0.0576362
0.76688	-0.0225293	-0.0149316	0.0270282
0.7672	0.0142285	0.0968848	0.097924
0.76752	0.213887	0.126689	0.248592
0.76784	0.0489942	0.0613477	0.0785109
0.76816	0.173623	0.0798145	0.19109
0.76848	0.241289	-0.0332813	0.243574
0.7688	0.121748	0.0491699	0.131302
0.76912	0.066875	-0.0373047	0.0765762
0.76944	0.195879	-0.0477832	0.201623
0.76976	-0.103291	-0.0875488	0.135403
0.77008	0.0118066	0.013125	0.017654
0.7704	0.0772949	-0.0781738	0.109935
0.77072	0.0533008	0.132695	0.143
0.77104	0.0305273	-0.0979004	0.10255
0.77136	0.053916	0.114355	0.126428
0.77168	-0.0875977	0.0766016	0.116366
0.772	-0.0163867	0.0553125	0.0576888
0.77232	-0.00332031	0.0823535	0.0824204
0.77264	0.142188	0.154775	0.210173
0.77296	0.0498047	-0.000556644	0.0498078
0.77328	0.000136718	0.0241406	0.024141
0.7736	0.131816	-0.00991212	0.132189
0.77392	0.0716504	-0.0838184	0.110269
0.77424	0.0755957	-0.104268	0.128788
0.77456	0.0825586	0.00703125	0.0828575
0.77488	0.171221	-0.0365527	0.175079
0.7752	0.183359	-0.205947	0.275744
0.77552	0.11832	0.061875	0.133522
0.77584	0.114902	-0.00539063	0.115029
0.77616	0.160322	0.0854785	0.181686
0.77648	0.0283594	-0.00626953	0.0290441
0.7768	0.0690332	0.0403125	0.0799417
0.77712	0.110527	-0.0699414	0.130798
0.77744	0.198115	-0.0610254	0.207301
0.77776	0.0838477	0.107871	0.136626
0.77808	0.119111	-0.0302637	0.122896
0.7784	0.183467	-0.141523	0.231709
0.77872	-0.0294141	-0.168164	0.170717
0.77904	0.0581055	0.0219629	0.0621177
0.77936	0.143506	0.0841406	0.166354
0.77968	0.128887	-0.025293	0.131345
0.78	0.173115	0.0210938	0.174396
0.78032	0.0268652	0.0611914	0.0668291
0.78064	0.133779	-0.0603418	0.146758
0.78096	0.211982	-0.0517383	0.218205
0.78128	0.149893	-0.0204297	0.151278
0.7816	0.131406	-0.0356934	0.136168
0.78192	0.102773	0.0743359	0.126839
0.78224	-0.0241797	-0.0647754	0.0691412
0.78256	0.127256	-0.0547754	0.138544
0.78288	0.0449121	0.0467188	0.0648054
0.7832	0.0956641	-0.00475587	0.0957822
0.78352	0.243545	0.142969	0.282408
0.78384	0.125254	0.0168262	0.126379
0.78416	0.0332227	0.051084	0.060937
0.78448	0.15665	-0.106484	0.189416
0.7848	0.0289453	-0.00832031	0.0301174
0.78512	0.12668	-0.0844238	0.152234
0.78544	-0.102441	0.12459	0.161297
0.78576	0.0474121	0.126436	0.135033
0.78608	-0.0428809	0.116963	0.124576
0.7864	0.125723	0.195772	0.232664
0.78672	0.0394531	0.0568066	0.0691632
0.78704	-0.0293066	-0.0765625	0.0819798
0.78736	-0.0150586	0.0135156	0.0202345
0.78768	0.140361	0.0524609	0.149845
0.788	0.23415	0.0154688	0.234661
0.78832	-0.0102051	-0.0359668	0.0373866
0.78864	0.0198828	0.0578516	0.061173
0.78896	0.156592	-0.015459	0.157353
0.78928	-0.0586524	-0.173457	0.183105
0.7896	0.17457	-0.0541797	0.182785
0.78992	-0.0740137	-0.185107	0.199356
0.79024	0.0627441	-0.00158203	0.0627641
0.79056	0.0942383	-0.00594726	0.0944258
0.79088	0.0340332	-0.0152637	0.0372993
0.7912	0.266553	0.00884766	0.2667
0.79152	-0.0299902	-0.0713672	0.0774125
0.79184	0.22377	0.0205078	0.224707
0.79216	0.175088	0.0475293	0.181424
0.79248	0.000478513	-0.237314	0.237315
0.7928	0.0575293	0.0294336	0.0646216
0.79312	0.0798535	-0.0885254	0.11922
0.79344	-0.0473242	0.00314453	0.0474286
0.79376	0.130654	-0.0671582	0.146904
0.79408	-0.0193359	-0.139453	0.140787
0.7944	0.124756	-0.0821289	0.149363
0.79472	0.0704297	-0.00220704	0.0704643
0.79504	0.0915234	0.00417969	0.0916188
0.79536	0.098252	0.0783496	0.125667
0.79568	0.247647	-0.0436523	0.251464
0.796	0.254629	0.0949121	0.271743
0.79632	-0.019502	-0.129424	0.130885
0.79664	0.229463	0.0677246	0.239248
0.79696	0.146543	-0.0888965	0.171398
0.79728	0.0558887	0.0423731	0.0701357
0.7976	0.0615332	-0.0813867	0.10203
0.79792	0.0397168	0.109863	0.116822
0.79824	-0.0112109	0.0794141	0.0802015
0.79856	0.0618262	0.0645801	0.0894039
0.79888	0.0844043	-0.0388867	0.0929315
0.7992	0.149072	-0.0280566	0.15169
0.79952	0.127803	0.00786133	0.128044
0.79984	0.121348	-0.1446	0.188771
