0.0001155	9.20556	-0.415622	9.21494
0.0003465	10.3163	-0.172323	10.3177
0.0005775	9.0914	-0.0895182	9.09184
0.0008085	8.50635	-0.128574	8.50732
0.0010395	8.1085	-0.229051	8.11174
0.0012705	7.90119	-0.0605469	7.90142
0.0015015	7.48995	0.0360379	7.49004
0.0017325	7.0972	0.085829	7.09771
0.0019635	6.67628	-0.272936	6.68185
0.0021945	6.58942	-0.149984	6.59112
0.0024255	6.28421	-0.119398	6.28534
0.0026565	6.42567	-0.0377265	6.42578
0.0028875	6.22759	0.0329183	6.22767
0.0031185	5.79884	-0.109918	5.79988
0.0033495	5.63535	-0.0519002	5.63559
0.0035805	5.41629	-0.021464	5.41633
0.0038115	5.33082	-0.0700819	5.33128
0.0040425	5.34166	-0.0678033	5.34209
0.0042735	5.40484	-0.104282	5.40585
0.0045045	5.09974	-0.125061	5.10127
0.0047355	4.89266	-0.100993	4.8937
0.0049665	4.96935	0.0953437	4.97026
0.0051975	4.72654	0.00299073	4.72654
0.0054285	4.68799	0.0359836	4.68813
0.0056595	4.582	-0.199551	4.58634
0.0058905	4.36691	-0.112576	4.36836
0.0061215	4.52628	-0.103014	4.52745
0.0063525	4.45427	-0.0314738	4.45438
0.0065835	4.37249	0.064365	4.37296
0.0068145	4.04488	-0.0216336	4.04494
0.0070455	3.97707	-0.104282	3.97844
0.0072765	4.00056	-0.109728	4.00206
0.0075075	3.93107	-0.111938	3.93266
0.0077385	4.01168	0.010905	4.01169
0.0079695	3.87432	0.0572171	3.87474
0.0082005	3.69954	-0.0840183	3.70049
0.0084315	3.79931	0.0580444	3.79975
0.0086625	3.66652	0.0487874	3.66684
0.0088935	3.5759	-0.0344781	3.57607
0.0091245	3.48349	-0.0551215	3.48392
0.0093555	3.43597	-0.157179	3.43957
0.0095865	3.54331	0.0139228	3.54334
0.0098175	3.42929	0.0590956	3.4298
0.0100485	3.39202	0.0673828	3.39269
0.0102795	3.36384	0.0469835	3.36417
0.0105105	3.14294	-0.0499132	3.14333
0.0107415	3.16431	-0.0563694	3.16481
0.0109725	3.10147	0.007921	3.10148
0.0112035	3.15358	-0.098504	3.15512
0.0114345	3.18591	-0.0361057	3.18612
0.0116655	3.18502	0.0729506	3.18586
0.0118965	2.88154	-0.0698446	2.88238
0.0121275	2.99448	-0.0409614	2.99476
0.0123585	2.83055	0.0478177	2.83096
0.0125895	2.85177	-0.0429552	2.85209
0.0128205	2.84902	-0.0408936	2.84931
0.0130515	2.79802	-0.063992	2.79875
0.0132825	2.79573	0.00443522	2.79573
0.0135135	2.78424	0.0158827	2.78429
0.0137445	2.7749	0.0315416	2.77508
0.0139755	2.6745	-0.0132107	2.67453
0.0142065	2.55297	-0.0156453	2.55301
0.0144375	2.48636	-0.147915	2.49075
0.0146685	2.61146	-0.050137	2.61194
0.0148995	2.62916	-0.065762	2.62999
0.0151305	2.64981	0.0653483	2.65062
0.0153615	2.55177	0.0770535	2.55293
0.0155925	2.40944	-0.0224745	2.40954
0.0158235	2.37859	0.0419718	2.37896
0.0160545	2.38637	0.0413072	2.38673
0.0162855	2.37903	0.0457628	2.37947
0.0165165	2.45294	-0.0509169	2.45346
0.0167475	2.31031	-0.0578206	2.31103
0.0169785	2.33794	0.121216	2.34109
0.0172095	2.25726	0.00485569	2.25726
0.0174405	2.22751	0.0527276	2.22813
0.0176715	2.20985	-0.0403849	2.21021
0.0179025	2.02468	-0.0601128	2.02557
0.0181335	2.1641	-0.000576446	2.1641
0.0183645	2.13067	-0.0134074	2.13071
0.0185955	2.22537	0.106696	2.22793
0.0188265	2.15536	0.0964288	2.15752
0.0190575	2.06169	0.041843	2.06211
0.0192885	2.01866	0.0647583	2.0197
0.0195195	1.9919	-0.0194973	1.99199
0.0197505	2.18307	-0.0657891	2.18406
0.0199815	2.08596	0.0400391	2.08635
0.0202125	2.06133	-0.0309787	2.06157
0.0204435	2.00577	0.0981174	2.00817
0.0206745	1.93969	-0.00798204	1.93971
0.0209055	1.88115	0.0400391	1.88158
0.0211365	1.94141	-0.0228272	1.94154
0.0213675	1.97059	-0.00109185	1.9706
0.0215985	1.89281	-0.0540229	1.89358
0.0218295	1.94936	0.000542536	1.94936
0.0220605	1.96309	-0.0433757	1.96357
0.0222915	1.79112	0.0219455	1.79126
0.0225225	1.88649	0.113912	1.88992
0.0227535	1.75621	0.0620863	1.75731
0.0229845	1.79992	-0.0610487	1.80096
0.0232155	1.73814	-0.156738	1.74519
0.0234465	1.73652	0.010003	1.73655
0.0236775	1.76864	0.0955404	1.77122
0.0239085	1.71617	-0.0340237	1.71651
0.0241395	1.62208	0.0311076	1.62238
0.0243705	1.62787	-0.000264486	1.62787
0.0246015	1.66492	-0.0221151	1.66507
0.0248325	1.74075	-0.0209622	1.74088
0.0250635	1.67898	-0.0529582	1.67981
0.0252945	1.57388	-0.0198364	1.574
0.0255255	1.67944	0.115438	1.68341
0.0257565	1.6098	0.0642565	1.61108
0.0259875	1.53109	-0.000596789	1.53109
0.0262185	1.58537	-0.0414497	1.58592
0.0264495	1.55046	-0.0852661	1.55281
0.0266805	1.5249	-0.0313314	1.52522
0.0269115	1.60628	-0.0298191	1.60656
0.0271425	1.55494	-0.013916	1.555
0.0273735	1.53557	0.0219116	1.53573
0.0276045	1.50701	0.133077	1.51288
0.0278355	1.48024	-0.0567627	1.48133
0.0280665	1.52106	-0.0282864	1.52133
0.0282975	1.49356	0.0354004	1.49398
0.0285285	1.55627	0.00886366	1.55629
0.0287595	1.5909	-0.017985	1.591
0.0289905	1.39542	0.0344849	1.39585
0.0292215	1.4268	0.0665826	1.42835
0.0294525	1.32817	0.0100979	1.32821
0.0296835	1.37436	0.0563965	1.37552
0.0299145	1.40634	-0.0198636	1.40648
0.0301455	1.3942	-0.00933838	1.39423
0.0303765	1.36258	-0.0621338	1.364
0.0306075	1.3331	0.060418	1.33447
0.0308385	1.36174	0.11048	1.36622
0.0310695	1.31909	0.0216946	1.31927
0.0313005	1.30896	0.00122748	1.30896
0.0315315	1.322	-0.0237495	1.32221
0.0317625	1.27058	-0.00154622	1.27058
0.0319935	1.39944	-0.0901489	1.40234
0.0322245	1.31171	-0.0286458	1.31202
0.0324555	1.42353	-0.0273098	1.42379
0.0326865	1.16355	0.0559286	1.1649
0.0329175	1.25963	-0.0187785	1.25977
0.0331485	1.22032	-0.00366889	1.22032
0.0333795	1.30519	-0.0365736	1.3057
0.0336105	1.22047	-0.00480143	1.22048
0.0338415	1.33123	0.0391914	1.33181
0.0340725	1.14933	0.00840251	1.14936
0.0343035	1.20995	0.120592	1.21595
0.0345345	1.17788	0.0012614	1.17788
0.0347655	1.14325	-0.0317247	1.14369
0.0349965	1.20639	0.0798882	1.20904
0.0352275	1.24312	-0.00906711	1.24316
0.0354585	1.17206	0.0104167	1.1721
0.0356895	1.15258	-0.0372993	1.15318
0.0359205	1.16777	-0.019755	1.16793
0.0361515	1.05849	0.0454712	1.05947
0.0363825	1.07235	0.0941773	1.07648
0.0366135	1.04298	0.00583903	1.04299
0.0368445	1.13446	0.048367	1.13549
0.0370755	1.08295	0.0382826	1.08363
0.0373065	1.06504	-0.0134481	1.06513
0.0375375	1.17011	0.0491876	1.17114
0.0377685	1.00978	-0.0278659	1.01016
0.0379995	1.0494	0.0348375	1.04998
0.0382305	1.10509	0.111104	1.11066
0.0384615	1.01467	0.0414768	1.01552
0.0386925	1.15552	-0.0062188	1.15553
0.0389235	1.02328	-0.0335897	1.02383
0.0391545	1.06677	0.0376587	1.06743
0.0393855	0.995463	0.00813802	0.995496
0.0396165	1.02707	-0.0254924	1.02738
0.0398475	0.988166	0.0476481	0.989314
0.0400785	1.07658	0.0693563	1.07881
0.0403095	0.9599	0.0738729	0.962738
0.0405405	0.999512	0.0242513	0.999806
0.0407715	1.04288	-0.0464545	1.04391
0.0410025	1.03213	-0.0266791	1.03248
0.0412335	1.00039	0.0581665	1.00208
0.0414645	1.01124	-0.0539483	1.01268
0.0416955	0.934801	-0.0367906	0.935525
0.0419265	0.917643	0.022149	0.917911
0.0421575	1.00123	-0.0248956	1.00154
0.0423885	0.979418	0.034573	0.980028
0.0426195	0.869704	-0.122064	0.878228
0.0428505	0.976413	0.113681	0.983009
0.0430815	0.866713	0.0968289	0.872105
0.0433125	0.893304	-0.0346069	0.893974
0.0435435	0.906759	0.0384522	0.907574
0.0437745	0.844869	0.0223117	0.845164
0.0440055	0.939623	-0.0526733	0.941098
0.0442365	0.875258	0.0303345	0.875783
0.0444675	1.03233	-0.0151232	1.03244
0.0446985	0.888801	0.0322944	0.889387
0.0449295	0.923075	0.0839369	0.926884
0.0451605	0.846687	-0.0480957	0.848051
0.0453915	0.779134	-0.055542	0.781111
0.0456225	0.912408	-0.0257161	0.91277
0.0458535	0.798001	-0.0236545	0.798351
0.0460845	0.92945	0.0796984	0.932861
0.0463155	0.860826	0.00276014	0.860831
0.0465465	0.810615	0.0261909	0.811038
0.0467775	0.860318	-0.0459391	0.861543
0.0470085	0.855754	-0.0315348	0.856335
0.0472395	0.738641	0.0391439	0.739677
0.0474705	0.841492	0.0360921	0.842265
0.0477015	0.774292	-0.123264	0.784042
0.0479325	0.841661	-0.00351291	0.841669
0.0481635	0.839444	0.00127495	0.839445
0.0483945	0.82036	0.0892944	0.825205
0.0486255	0.791348	0.0630154	0.793853
0.0488565	0.757528	0.00794813	0.757569
0.0490875	0.727037	-0.0801663	0.731444
0.0493185	0.808913	-0.0895928	0.813859
0.0495495	0.834961	-0.0140449	0.835079
0.0497805	0.817234	0.0162082	0.817394
0.0500115	0.712789	0.0534668	0.714791
0.0502425	0.85201	0.0158759	0.852158
0.0504735	0.80249	0.0822008	0.806689
0.0507045	0.702074	0.0172119	0.702285
0.0509355	0.806105	0.00838894	0.806149
0.0511665	0.767103	-0.0605808	0.769492
0.0513975	0.810188	0.0269436	0.810635
0.0516285	0.71715	0.0258179	0.717614
0.0518595	0.732517	0.108826	0.740557
0.0520905	0.71146	0.013109	0.711581
0.0523215	0.723131	-0.0824721	0.727819
0.0525525	0.734083	0.0120917	0.734183
0.0527835	0.747192	-0.066352	0.750133
0.0530145	0.760112	0.0551283	0.762108
0.0532455	0.769172	-0.0251804	0.769584
0.0534765	0.812988	0.0748359	0.816425
0.0537075	0.660597	0.0522868	0.662663
0.0539385	0.656135	0.0907457	0.66238
0.0541695	0.7264	0.0351495	0.72725
0.0544005	0.657064	-0.0524902	0.659157
0.0546315	0.706468	-0.0121121	0.706572
0.0548625	0.720079	-0.0364583	0.721002
0.0550935	0.7559	-0.0310669	0.756538
0.0553245	0.628377	0.00518121	0.628399
0.0555555	0.673374	0.0104913	0.673456
0.0557865	0.710565	-0.0637071	0.713415
0.0560175	0.715807	-0.113024	0.724675
0.0562485	0.598246	-0.133267	0.61291
0.0564795	0.696438	0.103875	0.704142
0.0567105	0.663472	0.0891385	0.669434
0.0569415	0.524597	-0.0696818	0.529205
0.0571725	0.707723	0.0840047	0.712691
0.0574035	0.550273	-0.0126139	0.550417
0.0576345	0.639343	-0.0597805	0.642132
0.0578655	0.683187	0.0152791	0.683358
0.0580965	0.760274	0.0695936	0.763453
0.0583275	0.665907	-0.029758	0.666572
0.0585585	0.566623	0.0603977	0.569833
0.0587895	0.744154	0.0200467	0.744424
0.0590205	0.682217	0.115343	0.691899
0.0592515	0.603292	0.0302938	0.604052
0.0594825	0.612108	0.0587497	0.614921
0.0597135	0.666328	-0.0216471	0.666679
0.0599445	0.633301	0.0651042	0.636638
0.0601755	0.612244	0.0273098	0.612853
0.0604065	0.62125	0.0457289	0.622931
0.0606375	0.593913	0.00856527	0.593975
0.0608685	0.697178	-0.0697496	0.700658
0.0610995	0.636929	0.079305	0.641847
0.0613305	0.649997	-0.108561	0.659001
0.0615615	0.592699	-0.00958252	0.592776
0.0617925	0.685486	-0.00143772	0.685487
0.0620235	0.542006	0.0835707	0.548411
0.0622545	0.512485	-0.0341797	0.513624
0.0624855	0.454644	0.0941976	0.4643
0.0627165	0.611966	0.00638156	0.611999
0.0629475	0.610494	0.0308431	0.611273
0.0631785	0.584432	0.0479465	0.586395
0.0634095	0.564996	-0.0130005	0.565145
0.0636405	0.512655	0.00206842	0.512659
0.0638715	0.559672	-0.00632732	0.559708
0.0641025	0.553284	0.0916409	0.560822
0.0643335	0.594964	0.0265978	0.595558
0.0645645	0.535733	-0.00425212	0.53575
0.0647955	0.514879	0.0113932	0.515005
0.0650265	0.598382	0.0636529	0.601758
0.0652575	0.67391	0.0809598	0.678755
0.0654885	0.466499	0.0351969	0.467824
0.0657195	0.62163	0.0182088	0.621896
0.0659505	0.502645	0.0222304	0.503136
0.0661815	0.63303	0.0360175	0.634053
0.0664125	0.471422	-0.0059611	0.47146
0.0666435	0.483914	-0.0377875	0.485387
0.0668745	0.567824	-0.073744	0.572592
0.0671055	0.478733	-0.027554	0.479525
0.0673365	0.517829	-0.00443522	0.517848
0.0675675	0.50335	-0.0503879	0.505866
0.0677985	0.561924	0.0602417	0.565143
0.0680295	0.449205	0.0953776	0.459219
0.0682605	0.637689	-0.0608927	0.640589
0.0684915	0.459846	0.049391	0.462491
0.0687225	0.476115	-0.0226373	0.476653
0.0689535	0.565064	0.0463935	0.566965
0.0691845	0.505744	-0.013048	0.505912
0.0694155	0.447022	0.000149191	0.447022
0.0696465	0.516073	0.0351359	0.517267
0.0698775	0.624668	-0.00893827	0.624732
0.0701085	0.453288	-0.00761583	0.453352
0.0703395	0.515727	-0.0286391	0.516521
0.0705705	0.378479	-0.00798883	0.378563
0.0708015	0.437202	0.0890706	0.446183
0.0710325	0.497145	-0.111613	0.50952
0.0712635	0.531108	0.0118476	0.53124
0.0714945	0.567424	0.117771	0.579517
0.0717255	0.568156	-0.015937	0.568379
0.0719565	0.506375	-0.0111559	0.506498
0.0721875	0.626356	0.0934652	0.633291
0.0724185	0.575107	0.0284695	0.575811
0.0726495	0.379551	-0.0694038	0.385844
0.0728805	0.449714	0.0937568	0.459383
0.0731115	0.424208	0.0351088	0.425658
0.0733425	0.495049	0.061381	0.49884
0.0735735	0.491048	-0.0748223	0.496716
0.0738045	0.536913	0.00166151	0.536915
0.0740355	0.518616	-0.00714112	0.518665
0.0742665	0.420451	-0.0519409	0.423647
0.0744975	0.420993	0.0135634	0.421212
0.0747285	0.448202	-0.0577935	0.451912
0.0749595	0.441942	-0.0922648	0.45147
0.0751905	0.417725	0.14622	0.442577
0.0754215	0.381904	0.0720554	0.388642
0.0756525	0.466431	0.0496351	0.469064
0.0758835	0.452488	0.0139364	0.452702
0.0761145	0.447666	0.113573	0.461848
0.0763455	0.434781	-0.0257636	0.435543
0.0765765	0.418715	-0.059828	0.422967
0.0768075	0.454631	-0.0136312	0.454835
0.0770385	0.412557	0.000454372	0.412557
0.0772695	0.364454	0.0311076	0.36578
0.0775005	0.389377	0.0697632	0.395577
0.0777315	0.428501	0.0973646	0.439423
0.0779625	0.413934	-0.0265842	0.414786
0.0781935	0.370361	0.0363973	0.372146
0.0784245	0.472114	-0.0100979	0.472222
0.0786555	0.449612	0.0862359	0.457808
0.0788865	0.541165	-0.0981378	0.549991
0.0791175	0.459663	0.0523953	0.462639
0.0793485	0.438015	0.0112983	0.438161
0.0795795	0.31366	-0.00269911	0.313671
0.0798105	0.363051	-0.0552097	0.367225
0.0800415	0.298014	0.0308838	0.29961
0.0802725	0.444587	-0.0186293	0.444977
0.0805035	0.387831	-0.0274048	0.388798
0.0807345	0.343241	-0.01494	0.343566
0.0809655	0.363369	0.00258382	0.363379
0.0811965	0.390171	-0.0813938	0.39857
0.0814275	0.385017	-0.029975	0.386182
0.0816585	0.353624	0.0356852	0.35542
0.0818895	0.499756	0.091451	0.508054
0.0821205	0.365133	0.00161404	0.365136
0.0823515	0.379781	0.127869	0.400729
0.0825825	0.369581	-0.0574002	0.374012
0.0828135	0.385118	0.0636868	0.390349
0.0830445	0.475166	-0.0504693	0.477838
0.0832755	0.43025	0.0224338	0.430835
0.0835065	0.307855	0.056566	0.313008
0.0837375	0.414395	-0.0224406	0.415002
0.0839685	0.410862	-0.0478855	0.413643
0.0841995	0.368815	-0.0245836	0.369634
0.0844305	0.350213	-0.0219523	0.3509
0.0846615	0.327406	0.0418498	0.33007
0.0848925	0.38404	0.0898912	0.39442
0.0851235	0.33922	0.0328098	0.340803
0.0853545	0.344713	0.114034	0.363085
0.0855855	0.417026	-0.0534329	0.420435
0.0858165	0.40821	-0.0235935	0.408891
0.0860475	0.346788	0.0344035	0.348491
0.0862785	0.510254	0.015347	0.510485
0.0865095	0.373284	0.0632867	0.378611
0.0867405	0.355109	-0.030131	0.356385
0.0869715	0.378113	0.0558743	0.382219
0.0872025	0.368517	-0.0221829	0.369184
0.0874335	0.396342	-0.023112	0.397015
0.0876645	0.389988	0.0178562	0.390396
0.0878955	0.342773	0.0244005	0.343641
0.0881265	0.39268	-0.00212945	0.392686
0.0883575	0.379903	-0.0522393	0.383478
0.0885885	0.362698	0.0760769	0.370591
0.0888195	0.355604	0.00419108	0.355629
0.0890505	0.270833	-0.0113254	0.27107
0.0892815	0.377936	0.02162	0.378554
0.0895125	0.355801	0.044298	0.358548
0.0897435	0.293349	-0.0155775	0.293762
0.0899745	0.408637	0.0507338	0.411775
0.0902055	0.356608	0.0391507	0.358751
0.0904365	0.401984	0.0936347	0.412746
0.0906675	0.353977	0.0865072	0.364394
0.0908985	0.337884	-0.00802951	0.337979
0.0911295	0.325406	0.0765923	0.334298
0.0913605	0.351413	-0.0424059	0.353963
0.0915915	0.332933	-0.0384182	0.335143
0.0918225	0.310018	0.0437419	0.313089
0.0920535	0.387675	0.0223524	0.388319
0.0922845	0.319933	0.0427111	0.322771
0.0925155	0.372321	-0.00986058	0.372452
0.0927465	0.370226	-0.0273031	0.371231
0.0929775	0.31703	0.0123766	0.317272
0.0932085	0.286689	-0.0501302	0.291039
0.0934395	0.20598	0.0164863	0.206639
0.0936705	0.347548	0.049608	0.35107
0.0939015	0.356608	-0.0833537	0.36622
0.0941325	0.384752	-0.00278049	0.384762
0.0943635	0.27457	0.000413688	0.27457
0.0945945	0.249552	-0.0146145	0.24998
0.0948255	0.303399	-0.0736423	0.312208
0.0950565	0.299947	-0.0250448	0.300991
0.0952875	0.248386	-0.032057	0.250446
0.0955185	0.273295	-0.0699802	0.282112
0.0957495	0.323785	0.0755615	0.332485
0.0959805	0.309726	0.0533312	0.314284
0.0962115	0.359843	0.0375705	0.361799
0.0964425	0.325657	-0.0258653	0.326682
0.0966735	0.311354	0.00259739	0.311365
0.0969045	0.262607	-0.0699463	0.271763
0.0971355	0.347656	-0.0754327	0.355746
0.0973665	0.255086	-0.00748698	0.255196
0.0975975	0.353482	0.0458577	0.356444
0.0978285	0.402941	-0.0335015	0.404331
0.0980595	0.277066	-0.0297241	0.278656
0.0982905	0.285597	0.0318332	0.287366
0.0985215	0.246243	-0.00616456	0.24632
0.0987525	0.342835	-0.037991	0.344933
0.0989835	0.335754	0.120205	0.356624
0.0992145	0.362535	0.00787353	0.362621
0.0994455	0.294881	-0.00348578	0.294902
0.0996765	0.37108	0.0611572	0.376086
0.0999075	0.249118	-0.0425212	0.252721
0.100138	0.289341	0.065979	0.296768
0.100369	0.146301	-0.0239733	0.148252
0.1006	0.322489	0.0400323	0.324965
0.100831	0.328518	-0.0556505	0.333199
0.101062	0.323778	0.00486247	0.323814
0.101293	0.2614	0.0598484	0.268164
0.101524	0.270603	-0.00963677	0.270774
0.101755	0.257711	0.0128377	0.25803
0.101986	0.314148	0.016432	0.314577
0.102217	0.261875	0.0394694	0.264832
0.102448	0.257541	0.00301107	0.257559
0.102679	0.322801	-0.0567424	0.327751
0.10291	0.360311	-0.0493978	0.363681
0.103141	0.299432	0.0353461	0.301511
0.103372	0.382813	-0.0674032	0.388701
0.103603	0.314636	0.0292426	0.315992
0.103834	0.275282	0.0303006	0.276945
0.104065	0.280646	-0.0901422	0.294768
0.104296	0.304491	0.0297309	0.305939
0.104527	0.230808	-0.0403714	0.234312
0.104758	0.182916	-0.00897217	0.183136
0.104989	0.260267	0.030226	0.262017
0.10522	0.240879	-0.00828722	0.241021
0.105451	0.169359	0.0404188	0.174115
0.105682	0.200005	0.0372382	0.203443
0.105913	0.258559	-0.0220405	0.259496
0.106144	0.279453	0.0574476	0.285297
0.106375	0.355347	-0.0997993	0.369095
0.106606	0.280986	-0.0447795	0.284531
0.106837	0.272224	-0.107659	0.292739
0.107068	0.332553	-0.0285373	0.333776
0.107299	0.151652	0.0382826	0.156409
0.10753	0.20577	-0.0207384	0.206812
0.107761	0.247877	0.0255195	0.249188
0.107992	0.184509	-0.0265503	0.18641
0.108223	0.180651	-0.0430705	0.185714
0.108454	0.207757	-0.0365601	0.210949
0.108685	0.332553	-0.0135566	0.33283
0.108916	0.245687	-0.0380181	0.248611
0.109147	0.268623	0.0410495	0.271741
0.109378	0.31625	0.0355632	0.318244
0.109609	0.227349	0.00200738	0.227358
0.10984	0.211304	0.104682	0.235813
0.110071	0.295763	0.016215	0.296207
0.110302	0.227905	0.0677897	0.237774
0.110533	0.269165	-0.103984	0.288552
0.110764	0.182224	0.0165337	0.182972
0.110995	0.139086	0.00472684	0.139166
0.111226	0.271762	0.0691257	0.280416
0.111457	0.197645	0.0114746	0.197978
0.111688	0.276293	0.092136	0.29125
0.111919	0.362162	-0.0248413	0.363013
0.11215	0.269396	0.0298733	0.271047
0.112381	0.262051	0.0437961	0.265686
0.112612	0.297133	-0.122782	0.321502
0.112843	0.20659	-0.0185276	0.20742
0.113074	0.29714	0.072286	0.305806
0.113305	0.314263	0.0421549	0.317078
0.113536	0.356493	0.00542535	0.356534
0.113767	0.199802	0.0777317	0.21439
0.113998	0.151089	-0.0830078	0.17239
0.114229	0.327277	0.0307685	0.32872
0.11446	0.229641	0.00310601	0.229662
0.114691	0.208422	0.0494995	0.214219
0.114922	0.323507	0.0345595	0.325347
0.115153	0.27065	0.0208198	0.27145
0.115384	0.278992	-0.0462104	0.282793
0.115615	0.221124	0.00420465	0.221164
0.115846	0.259142	-0.0124376	0.25944
0.116077	0.164096	0.0255466	0.166073
0.116308	0.189446	-0.00764974	0.189601
0.116539	0.144301	0.0855916	0.167775
0.11677	0.146064	-0.0397881	0.151386
0.117001	0.218262	-0.0222236	0.21939
0.117232	0.257297	0.047994	0.261735
0.117463	0.240763	0.071445	0.25114
0.117694	0.2036	-0.0184801	0.204437
0.117925	0.274787	0.0267809	0.276089
0.118156	0.262492	-0.00396051	0.262522
0.118387	0.223192	-0.0039605	0.223227
0.118618	0.244093	0.0507745	0.249318
0.118849	0.241625	0.0712552	0.251912
0.11908	0.205648	0.00131565	0.205652
0.119311	0.184801	0.0412191	0.189342
0.119542	0.230611	-0.00844999	0.230766
0.119773	0.141581	0.061849	0.154501
0.120004	0.251879	-0.0665351	0.260518
0.120235	0.276021	-0.000447594	0.276022
0.120466	0.245443	-0.105299	0.267077
0.120697	0.139926	0.00617811	0.140063
0.120928	0.238044	-0.00174289	0.23805
0.121159	0.179226	-0.0224949	0.180633
0.12139	0.19578	0.00634088	0.195883
0.121621	0.329414	-0.0696547	0.336697
0.121852	0.276232	-0.0116713	0.276478
0.122083	0.27828	0.0131972	0.278592
0.122314	0.240221	-0.0344306	0.242676
0.122545	0.35947	0.0254991	0.360373
0.122776	0.0884535	-0.0568373	0.10514
0.123007	0.146925	-0.0134684	0.147541
0.123238	0.272848	0.0305447	0.274552
0.123469	0.176351	-0.00107151	0.176354
0.1237	0.213528	2.71232e-005	0.213528
0.123931	0.18082	0.027927	0.182964
0.124162	0.205838	-0.00995552	0.206078
0.124393	0.20735	0.0105591	0.207619
0.124624	0.205065	-0.0812785	0.220585
0.124855	0.220852	-0.0141873	0.221308
0.125087	0.251573	-0.0734592	0.262079
0.125317	0.166117	0.0201077	0.16733
0.125548	0.148838	0.0193481	0.15009
0.125779	0.167881	0.033393	0.171169
0.12601	0.163574	0.0081448	0.163777
0.126241	0.162564	0.0540161	0.171303
0.126472	0.255039	-0.0157878	0.255527
0.126703	0.258986	0.021715	0.259894
0.126934	0.118374	0.0245226	0.120888
0.127165	0.295695	-0.0788032	0.306015
0.127396	0.232456	0.0885417	0.248747
0.127627	0.186184	-0.0162489	0.186892
0.127858	0.211053	0.113926	0.239838
0.128089	0.198697	-0.0207994	0.199782
0.12832	0.29794	0.0372314	0.300257
0.128551	0.216349	0.039761	0.219973
0.128782	0.212667	0.0108507	0.212943
0.129013	0.293226	0.0105794	0.293417
0.129244	0.219252	-0.0754666	0.231876
0.129475	0.273282	0.0619778	0.280221
0.129706	0.14702	0.0156996	0.147856
0.129937	0.24821	-0.027615	0.249741
0.130168	0.193034	-0.0167508	0.193759
0.130399	0.17749	-0.0315552	0.180273
0.13063	0.161981	-0.0325996	0.165228
0.130861	0.208869	-0.000745983	0.20887
0.131092	0.26359	-0.037184	0.2662
0.131323	0.259298	0.00320096	0.259317
0.131554	0.176982	-0.0131158	0.177467
0.131785	0.196533	-0.0591566	0.205243
0.132016	0.383118	0.0161472	0.383458
0.132247	0.285875	0.0293715	0.28738
0.132478	0.230442	-0.0109456	0.230701
0.132709	0.165412	-0.033922	0.168855
0.13294	0.0860731	0.00407579	0.0861696
0.133171	0.184625	-0.0311279	0.18723
0.133402	0.111328	0.00975885	0.111755
0.133633	0.224392	0.116767	0.252955
0.133864	0.173801	-0.0585124	0.183386
0.134095	0.272949	-0.000420468	0.27295
0.134326	0.149807	0.0350477	0.153853
0.134557	0.184625	-0.0510118	0.191542
0.134788	0.177443	-0.0235867	0.179004
0.135019	0.236837	-0.0597873	0.244267
0.13525	0.200616	0.0226508	0.20189
0.135481	0.194892	-0.00646973	0.194999
0.135712	0.190491	0.00530328	0.190565
0.135943	0.142083	0.0238173	0.144065
0.136174	0.155769	0.0558336	0.165473
0.136405	0.097168	0.0277167	0.101044
0.136636	0.144992	0.130195	0.194868
0.136867	0.139309	-0.0583767	0.151046
0.137098	0.26671	-0.025316	0.267909
0.137329	0.190633	0.0195516	0.191633
0.13756	0.0853746	-0.0524902	0.10022
0.137791	0.1254	-0.00336372	0.125445
0.138022	0.0879991	-0.0267673	0.0919801
0.138253	0.103814	0.0192668	0.105587
0.138484	0.138475	0.0853136	0.162646
0.138715	0.122904	-0.091078	0.152973
0.138946	0.134332	-0.0350681	0.138834
0.139177	0.25611	-0.058275	0.262657
0.139408	0.315247	-0.0756972	0.324207
0.139639	0.182041	0.0228407	0.183468
0.13987	0.179525	-0.0479736	0.185824
0.140101	0.190647	-0.0359294	0.194003
0.140332	0.106784	-0.0106879	0.107318
0.140563	0.173272	0.00280762	0.173295
0.140794	0.266079	-0.00916884	0.266237
0.141025	0.204854	0.0547214	0.212037
0.141256	0.099962	0.0253092	0.103116
0.141487	0.0652262	-0.00918241	0.0658694
0.141718	0.166185	-0.0828247	0.185681
0.141949	0.16154	-0.00726997	0.161703
0.14218	0.192919	-0.0271946	0.194826
0.142411	0.149706	0.0272827	0.152171
0.142642	0.139899	-0.00866699	0.140168
0.142873	0.217489	-0.0497301	0.223102
0.143104	0.177409	0.046875	0.183497
0.143335	0.205207	-0.0284831	0.207174
0.143566	0.119771	0.0313246	0.1238
0.143797	0.170525	-0.076945	0.187081
0.144028	0.151272	0.0404799	0.156595
0.144259	0.211155	-0.0475464	0.216441
0.14449	0.136624	0.0245294	0.138808
0.144721	0.220839	0.0340712	0.223452
0.144952	0.18181	0.0751614	0.196734
0.145183	0.117493	-0.0492215	0.127386
0.145414	0.127584	-0.0439453	0.13494
0.145645	0.102634	0.0367839	0.109027
0.145876	0.194071	-0.0580377	0.202564
0.146107	0.116733	0.0132853	0.117487
0.146338	0.174852	0.0260756	0.176786
0.146569	0.148912	0.0589193	0.160145
0.1468	0.157315	-0.015191	0.158046
0.147031	0.128594	0.0161404	0.129603
0.147262	0.102648	-0.0123698	0.10339
0.147493	0.127218	-0.0233832	0.129349
0.147724	0.194492	-0.00824653	0.194667
0.147955	0.115512	-0.0339491	0.120398
0.148186	0.172024	-0.0126411	0.172488
0.148417	0.16866	0.0319689	0.171664
0.148648	0.142965	-0.0144586	0.143694
0.148879	0.148336	-0.0266656	0.150714
0.14911	0.187371	0.0431993	0.192287
0.149341	0.175137	0.0178155	0.176041
0.149572	0.144938	0.063029	0.15805
0.149803	0.092041	-0.00276693	0.0920826
0.150034	0.132914	-0.0457289	0.140561
0.150265	0.154575	-0.0440403	0.160726
0.150496	0.165961	0.0417345	0.171128
0.150727	0.181925	0.0514323	0.189056
0.150958	0.102329	-0.0256348	0.105491
0.151189	0.111464	0.04265	0.119345
0.15142	0.169196	0.0437554	0.174762
0.151651	0.0801595	-0.0818346	0.114553
0.151882	0.155117	0.0559692	0.164906
0.152113	0.129842	0.00267877	0.12987
0.152344	0.104621	-0.0074802	0.104888
0.152575	0.122606	-0.0178223	0.123895
0.152806	0.165833	-0.0243395	0.167609
0.153037	0.0336778	0.105367	0.110618
0.153268	0.169569	-0.0205621	0.170811
0.153499	0.209344	0.0208944	0.210384
0.15373	0.125983	0.0519409	0.136271
0.153961	0.143141	-0.061259	0.155698
0.154192	0.0740967	-0.0360786	0.0824135
0.154423	0.165283	0.0731947	0.180765
0.154654	0.11027	-0.0697361	0.130471
0.154885	0.0943197	-0.0123155	0.0951203
0.155116	0.166667	0.0279066	0.168987
0.155347	0.17907	-0.00263808	0.17909
0.155578	0.137865	-0.0148315	0.13866
0.155809	0.102037	0.00429281	0.102127
0.15604	0.121521	0.0336982	0.126107
0.156271	0.0493503	0.0526598	0.07217
0.156502	0.226637	-0.0210232	0.22761
0.156733	0.0362345	0.0362074	0.0512242
0.156964	0.159397	-0.0741781	0.175812
0.157195	0.117377	-0.0110338	0.117895
0.157426	0.193149	-0.0129395	0.193582
0.157657	0.15608	-0.0066664	0.156223
0.157888	0.112813	0.0735474	0.13467
0.158119	0.170783	0.0014038	0.170789
0.15835	0.11006	0.0519002	0.121683
0.158581	0.199036	0.0143229	0.19955
0.158812	0.0867649	0.00800239	0.0871331
0.159043	0.241869	0.0736288	0.252827
0.159274	0.133674	0.0142822	0.134435
0.159505	0.192471	-0.00969781	0.192715
0.159736	0.0921088	-0.0819092	0.123261
0.159967	0.0928887	-0.0248481	0.0961548
0.160198	0.0711873	0.0671251	0.0978438
0.160429	0.233765	-0.070638	0.244204
0.16066	0.10123	0.069553	0.122822
0.160891	0.118266	-0.0694919	0.137171
0.161122	0.212348	0.0109253	0.212629
0.161353	0.219984	0.0324232	0.222361
0.161584	0.0972019	0.0338338	0.102922
0.161815	0.0654975	0.00598823	0.0657707
0.162046	0.152256	-0.0277303	0.15476
0.162277	0.0869005	0.0978529	0.13087
0.162508	0.148438	-0.0325453	0.151963
0.162739	0.0870429	-0.0215047	0.08966
0.16297	0.187459	-0.13109	0.228748
0.163201	0.130934	0.00518799	0.131037
0.163432	0.168972	0.0501777	0.176265
0.163663	0.203261	-0.00518799	0.203327
0.163894	0.191155	-0.033827	0.194125
0.164125	0.120138	0.0256755	0.122851
0.164356	0.109985	0.0827772	0.137655
0.164587	0.0446642	-0.028795	0.0531417
0.164818	0.142944	0.0464817	0.150312
0.165049	0.104899	-0.0171984	0.1063
0.16528	0.218235	-0.0480686	0.223466
0.165511	0.156325	0.0832248	0.177098
0.165742	0.0848185	-0.151761	0.173855
0.165973	0.150675	0.0640123	0.163709
0.166204	0.159804	0.0914442	0.184117
0.166435	0.0963406	0.0760498	0.12274
0.166666	0.184502	-0.025411	0.186244
0.166897	0.150201	0.106235	0.183973
0.167128	0.122192	0.0186361	0.123605
0.167359	0.0742798	0.032057	0.080902
0.16759	0.140754	0.0103556	0.141134
0.167821	0.209005	0.0607978	0.217668
0.168052	0.118618	-0.0216132	0.120571
0.168283	0.129462	-0.0357395	0.134305
0.168514	0.142965	0.0136583	0.143616
0.168745	0.17119	-0.0344374	0.174619
0.168976	0.228984	0.0403442	0.232511
0.169207	0.196974	0.0491876	0.203023
0.169438	0.18472	0.0617879	0.194779
0.169669	0.0684611	-0.0566881	0.0888846
0.1699	0.155674	0.0211724	0.157107
0.170131	0.160021	-0.063992	0.172341
0.170362	0.105177	-0.07213	0.127534
0.170593	0.0356106	0.0323622	0.0481189
0.170824	0.102634	-0.117466	0.155987
0.171055	0.111287	0.0564575	0.124789
0.171286	0.228563	-0.00240072	0.228576
0.171517	0.023702	0.0289985	0.0374526
0.171748	0.167345	-0.0120917	0.167781
0.171979	0.183329	0.0656603	0.194733
0.17221	0.0968357	-0.0101047	0.0973615
0.172441	0.130785	-0.0659994	0.146494
0.172672	0.0832859	0.0659926	0.106262
0.172903	0.159295	-0.00598823	0.159408
0.173134	0.124247	0.0476481	0.13307
0.173365	0.077969	-0.0667521	0.10264
0.173596	0.128276	-0.112671	0.170732
0.173827	0.15819	-0.0808648	0.17766
0.174058	0.110535	-0.0170152	0.111837
0.174289	0.168376	0.106533	0.199248
0.17452	0.108025	0.000773109	0.108028
0.174751	0.0960965	-0.0767076	0.122958
0.174982	0.0403578	0.123386	0.129819
0.175213	0.137641	0.0188802	0.13893
0.175444	0.12894	0.0128377	0.129578
0.175675	0.232144	0.0525987	0.238028
0.175906	0.0242649	-0.00582547	0.0249544
0.176137	0.209785	0.00708008	0.209904
0.176368	0.0673964	-0.0202908	0.0703846
0.176599	-0.00977241	-0.0296156	0.0311863
0.17683	0.186503	-0.0749919	0.201015
0.177061	0.09257	-0.010159	0.0931258
0.177292	0.178263	-0.00549316	0.178348
0.177523	0.127604	0.0571289	0.139809
0.177754	0.134399	0.0463799	0.142177
0.177985	0.141568	0.0659654	0.156182
0.178216	0.0770671	0.0158759	0.0786853
0.178447	0.0578613	-0.036438	0.0683788
0.178678	0.171834	-0.0813124	0.190102
0.178909	0.105869	-0.0154283	0.106987
0.17914	0.19635	-0.000264487	0.19635
0.179371	0.144558	0.0153809	0.145374
0.179602	0.141791	0.0219387	0.143479
0.179833	0.0205282	0.041843	0.0466073
0.180064	0.139676	0.0310601	0.143087
0.180295	0.0747545	0.0693834	0.101992
0.180526	0.149706	-0.0042928	0.149767
0.180757	0.138129	0.0892198	0.164438
0.180988	0.179762	0.0127157	0.180211
0.181219	0.181715	-0.0780097	0.197752
0.18145	0.122403	0.0256755	0.125067
0.181681	0.173991	0.0398492	0.178496
0.181912	0.104004	-0.0218845	0.106281
0.182143	0.175239	0.000617136	0.17524
0.182374	0.183716	-0.0186971	0.184665
0.182605	0.169712	0.0524224	0.177624
0.182836	0.192091	-0.00746664	0.192236
0.183067	0.133253	-0.0673489	0.149306
0.183298	0.0260756	0.0475939	0.0542689
0.183529	0.166416	-0.0596449	0.176782
0.18376	0.129232	-0.046658	0.137397
0.183991	0.193943	0.0115695	0.194287
0.184222	0.114644	0.0683187	0.133457
0.184453	0.122498	0.0577867	0.135444
0.184684	0.161282	0.00598145	0.161393
0.184915	0.12696	0.00624593	0.127113
0.185146	0.103963	0.0124783	0.104709
0.185377	0.154588	-0.0214166	0.156065
0.185608	0.0396186	0.0338542	0.0521128
0.185839	0.142266	-0.0814548	0.163935
0.18607	0.131958	0.0241157	0.134144
0.186301	0.125047	-0.00125461	0.125054
0.186532	0.093689	-0.00299751	0.0937369
0.186763	0.140021	0.00446235	0.140093
0.186994	0.0653483	-0.0285306	0.0713049
0.187225	0.0938314	-0.113607	0.147346
0.187456	0.106988	-0.0226305	0.109355
0.187687	-0.0160251	-0.00919596	0.0184762
0.187918	0.0462986	-0.0941569	0.104924
0.188149	0.166809	0.029914	0.16947
0.18838	0.156806	0.0768297	0.174617
0.188611	0.0454509	0.0120104	0.0470109
0.188842	0.0543281	-0.0336236	0.0638912
0.189073	0.0773587	-0.0124715	0.0783575
0.189304	0.103251	0.0457967	0.112952
0.189535	0.1297	0.0732422	0.148951
0.189766	0.0976495	0.0523004	0.110773
0.189997	0.128615	-0.0400662	0.134711
0.190228	0.13682	0.0367703	0.141675
0.190459	0.00985379	-0.00726319	0.0122414
0.19069	-0.0248617	0.00531006	0.0254224
0.190921	0.10321	-0.122023	0.159819
0.191152	0.0677015	0.10888	0.128212
0.191383	0.162191	0.0756293	0.178957
0.191614	0.106669	-0.0171441	0.108038
0.191845	0.062222	-0.0400526	0.0739985
0.192076	0.120219	-0.00943332	0.120588
0.192307	0.114712	0.102607	0.153906
0.192538	0.185649	-0.0337999	0.1887
0.192769	0.130073	-0.0939467	0.160452
0.193	0.0186157	0.0984294	0.100174
0.193231	0.0980157	0.0127157	0.0988371
0.193462	0.0782674	-0.0462579	0.0909152
0.193693	0.122206	0.0466309	0.1308
0.193924	0.117933	0.0471734	0.127018
0.194155	0.157274	-0.0434231	0.163158
0.194386	0.061598	0.042962	0.0751003
0.194617	0.0329251	0.0659858	0.0737441
0.194848	0.0505846	0.0363973	0.0623182
0.195079	0.179864	0.0384047	0.183918
0.19531	0.0901354	0.0518663	0.103993
0.195541	0.118306	0.0150214	0.119256
0.195772	0.0808377	0.0213555	0.0836109
0.196003	0.179321	-0.0127021	0.179771
0.196234	0.0897353	0.132629	0.160134
0.196465	0.0664741	-0.0257433	0.0712848
0.196696	0.100511	-0.0246446	0.103489
0.196927	0.145447	-0.0301581	0.14854
0.197158	0.0366075	-0.00644938	0.0371713
0.197389	0.119331	0.12679	0.174114
0.19762	0.142924	0.0148519	0.143694
0.197851	0.118361	0.0343221	0.123237
0.198082	0.155565	-0.0260417	0.15773
0.198313	0.168755	0.0351766	0.172383
0.198544	0.0798204	0.0772027	0.111048
0.198775	0.0761447	-0.0171305	0.0780479
0.199006	0.0940823	-0.0596924	0.111421
0.199237	0.119622	-0.0144586	0.120493
0.199468	0.0568576	-0.0457628	0.0729865
0.199699	0.122023	0.00127496	0.12203
0.19993	0.184896	0.00596789	0.184992
0.200161	0.0099962	0.0387709	0.0400388
0.200392	0.0518053	-0.0833333	0.0981236
0.200623	0.183533	0.119514	0.219015
0.200854	0.134447	-0.0221015	0.136251
0.201085	0.017707	0.01867	0.0257314
0.201316	0.0808919	-0.0188938	0.0830691
0.201547	0.130893	0.0145128	0.131695
0.201778	0.0542264	0.047309	0.0719628
0.202009	0.0475125	-0.0356513	0.0594008
0.20224	0.14799	0.00191921	0.148002
0.202471	0.0855848	0.0329386	0.0917045
0.202702	0.157667	0.0440809	0.163714
0.202933	0.0487739	-0.0472412	0.0679016
0.203164	0.187351	0.00436741	0.187402
0.203395	0.00889757	0.0108778	0.0140532
0.203626	0.0958998	0.0304226	0.10061
0.203857	0.148831	0.0449015	0.155457
0.204088	0.203674	-0.021464	0.204802
0.204319	0.0837402	-0.0260891	0.0877102
0.20455	0.0762465	-0.0871582	0.115802
0.204781	0.100613	0.0339966	0.106201
0.205012	0.114041	0.0628866	0.130231
0.205243	0.104418	0.0897013	0.137657
0.205474	0.15368	-0.00699192	0.153839
0.205705	0.00621881	-0.00994195	0.0117267
0.205936	0.221246	0.0265503	0.222833
0.206167	0.015625	0.0910712	0.0924019
0.206398	0.0981039	0.0960083	0.137266
0.206629	0.13284	0.0123155	0.133409
0.20686	0.07272	-0.0225559	0.0761378
0.207091	0.0408596	-0.0293986	0.0503368
0.207322	0.0774536	0.0120239	0.0783814
0.207553	0.110053	0.00226509	0.110076
0.207784	0.0391032	0.109273	0.116059
0.208015	0.0574816	-0.0973782	0.113078
0.208246	0.13031	-0.0559625	0.141819
0.208477	0.119337	-0.0771756	0.142118
0.208708	0.0690308	-0.102763	0.123796
0.208939	0.00321452	-0.000901966	0.00333866
0.20917	0.020067	0.0382555	0.0431991
0.209401	0.0846354	0.0108032	0.0853221
0.209632	0.0569187	0.0353326	0.0669935
0.209863	0.217414	-0.0398288	0.221032
0.210094	0.108514	-0.0628527	0.125402
0.210325	0.0603706	-0.0398899	0.0723589
0.210556	0.0787421	0.119181	0.142844
0.210787	0.0662571	-0.0359972	0.0754042
0.211018	0.0230035	-0.0634427	0.0674843
0.211249	0.252496	0.0531006	0.258019
0.21148	-0.0105455	0.0562202	0.0572006
0.211711	0.158888	-0.0497437	0.166493
0.211942	0.00854492	0.073995	0.0744867
0.212173	0.0187853	0.0204196	0.0277461
0.212404	0.0510932	0.0301988	0.0593505
0.212635	0.0745578	-0.061815	0.0968503
0.212866	0.0592177	-0.076355	0.0966272
0.213097	0.140679	-0.0451389	0.147744
0.213328	0.169725	-0.039171	0.174187
0.213559	0.06918	0.0298462	0.0753436
0.21379	0.0932821	-0.0100301	0.0938198
0.214021	0.0981513	-0.005778	0.0983212
0.214252	0.0636258	0.0109592	0.0645627
0.214483	0.061225	0.0634087	0.0881429
0.214714	0.0435791	0.0239122	0.0497085
0.214945	0.0824856	0.0141127	0.0836842
0.215176	0.164354	0.0844048	0.184761
0.215407	0.142008	-0.00915527	0.142303
0.215638	0.0292697	0.127889	0.131196
0.215869	0.0411987	0.061381	0.0739254
0.2161	0.127577	0.0679186	0.14453
0.216331	0.038364	0.0188327	0.0427372
0.216562	0.0847371	0.0541585	0.100566
0.216793	0.0519545	-0.0851576	0.0997551
0.217024	0.112752	0.0323486	0.117301
0.217255	0.0488553	0.0244887	0.0546492
0.217486	0.165073	-0.0081109	0.165272
0.217717	0.128967	0.0711738	0.147303
0.217948	0.0676066	0.0637071	0.0928938
0.218179	0.0516764	0.0761787	0.0920524
0.21841	0.04501	-0.0794881	0.0913469
0.218641	0.0597195	0.0502387	0.0780407
0.218872	0.106649	-0.0463053	0.116268
0.219103	0.143975	0.0446438	0.150738
0.219334	0.0985379	-0.0811564	0.127656
0.219565	0.0504625	0.0338949	0.0607892
0.219796	0.13248	0.0403578	0.138491
0.220027	0.0270589	0.0274116	0.0385173
0.220258	0.0863444	0.0313382	0.0918555
0.220489	0.0225559	0.0447727	0.0501334
0.22072	0.165046	-0.00433349	0.165103
0.220951	0.0670776	0.0295139	0.0732835
0.221182	0.166158	-0.026001	0.16818
0.221413	0.113783	-0.0868056	0.143115
0.221644	0.0984972	-0.0235731	0.101279
0.221875	0.106669	-0.0794813	0.133025
0.222106	0.083001	0.0275879	0.0874658
0.222337	0.039544	0.0398831	0.0561639
0.222568	0.0964627	0.00909424	0.0968904
0.222799	0.0975138	0.0653076	0.117363
0.22303	0.0645074	0.0639106	0.0908062
0.223261	0.0589667	0.0410021	0.0718209
0.223492	0.107585	0.09611	0.144262
0.223723	-0.0244819	0.0169	0.0297485
0.223954	0.0203722	0.00844998	0.0220551
0.224185	0.138997	0.0221625	0.140753
0.224416	0.0812107	-0.0301039	0.0866107
0.224647	0.0238851	-0.0180189	0.0299196
0.224878	0.117011	-0.012736	0.117702
0.225109	0.0370755	0.0689969	0.0783272
0.22534	0.0915053	-0.0236003	0.0944997
0.225571	0.111654	-0.0512288	0.122845
0.225802	0.127062	-0.000447592	0.127062
0.226033	0.0672404	0.136814	0.152444
0.226264	0.0440877	0.0917901	0.101829
0.226495	0.0787218	-0.00102403	0.0787285
0.226726	0.114672	0.0583835	0.128679
0.226957	0.0563829	0.0223796	0.060662
0.227188	-0.000725642	0.0479329	0.0479384
0.227419	0.0923869	-0.037089	0.0995537
0.22765	0.18415	-0.0579902	0.193065
0.227881	0.070516	-0.040073	0.081107
0.228112	-0.0213487	0.00847032	0.0229677
0.228343	0.038052	-0.0897352	0.0974698
0.228574	0.122504	0.0439792	0.130159
0.228805	0.0772366	0.0299344	0.0828345
0.229036	0.0526259	0.047309	0.0707646
0.229267	0.0128309	0.00513374	0.0138199
0.229498	0.17568	0.0289374	0.178047
0.229729	0.00950792	0.0884942	0.0890035
0.22996	0.0210571	-0.0692546	0.0723851
0.230191	0.0417006	0.0639377	0.0763346
0.230422	0.0952691	-0.0967136	0.135756
0.230653	0.10513	0.0631714	0.122649
0.230884	0.0913425	0.0936008	0.130784
0.231115	0.11537	0.0220473	0.117458
0.231346	0.0534125	0.0635308	0.0830004
0.231577	-0.022149	-0.0843302	0.0871904
0.231808	0.0747409	0.0321452	0.0813604
0.232039	0.111165	-0.00404867	0.111239
0.23227	0.112515	-0.0313517	0.116801
0.232501	-0.000162758	-0.00263129	0.00263632
0.232732	0.0867174	0.0659044	0.108919
0.232963	0.111898	-0.0197686	0.113631
0.233194	0.127041	-0.0753852	0.147724
0.233425	0.140198	0.0284966	0.143065
0.233656	0.0302124	-0.0569662	0.064482
0.233887	0.118395	-0.0631578	0.134187
0.234118	0.0701769	0.0963474	0.119196
0.234349	0.102424	0.0431315	0.111135
0.23458	0.0838487	0.00801595	0.084231
0.234811	0.0729302	0.049235	0.0879938
0.235042	0.103923	-0.0278727	0.107595
0.235273	0.0366414	-0.00557455	0.0370631
0.235504	0.09198	0.0498996	0.104644
0.235735	0.0335219	0.042372	0.0540287
0.235966	0.0270115	-0.105367	0.108774
0.236197	0.0123562	0.00844997	0.0149692
0.236428	0.0972426	-0.0664537	0.11778
0.236659	0.0776706	-0.000237359	0.077671
0.23689	0.14329	0.002889	0.143319
0.237121	0.0907525	0.0583089	0.10787
0.237352	0.0621813	-0.0692071	0.0930383
0.237583	0.0788507	-0.0811835	0.113173
0.237814	0.0624593	0.00542535	0.0626945
0.238045	0.0958727	-0.0276015	0.0997668
0.238276	0.0694241	-0.0446574	0.0825469
0.238507	0.129883	0.0448405	0.137405
0.238738	0.0858765	-0.00946045	0.086396
0.238969	0.120626	-0.0066257	0.120808
0.2392	0.10003	-0.0104235	0.100571
0.239431	0.0237495	0.00230577	0.0238611
0.239662	0.043179	-0.0358887	0.0561464
0.239893	0.0309787	0.0308499	0.0437195
0.240124	0.0573798	0.0542603	0.0789723
0.240355	0.0439114	0.0250515	0.0505548
0.240586	0.124335	-0.0455187	0.132406
0.240817	0.141656	-0.00401476	0.141713
0.241048	0.112576	-0.00284153	0.112612
0.241279	0.0292019	0.010498	0.0310316
0.24151	0.0454983	-0.000210235	0.0454988
0.241741	0.0417887	-0.00391304	0.0419715
0.241972	0.159288	0.0255059	0.161317
0.242203	0.0957913	-0.00209554	0.0958142
0.242434	0.0165405	0.0449626	0.0479085
0.242665	0.101556	0.0216268	0.103833
0.242896	0.0442234	-0.0703532	0.083098
0.243127	0.0143365	0.0299276	0.0331843
0.243358	0.0205688	-0.0101861	0.0229529
0.243589	0.111165	-0.0498589	0.121835
0.24382	0.123773	-6.78197e-005	0.123773
0.244051	0.100993	0.000359431	0.100993
0.244282	0.187066	-0.0945638	0.209609
0.244513	0.184964	0.048862	0.191309
0.244744	0.0668131	-0.0421075	0.0789749
0.244975	0.126994	-0.0174425	0.128186
0.245206	0.0409071	-0.0302463	0.0508747
0.245437	0.175863	0.0543009	0.184055
0.245668	0.0784234	0.0207859	0.0811313
0.245899	0.0301175	0.0213352	0.0369087
0.24613	0.142402	-0.0923258	0.169713
0.246361	0.0635919	0.0317179	0.071063
0.246592	0.0207655	-0.0361803	0.0417159
0.246823	0.119656	-0.0179308	0.120992
0.247054	0.137275	0.0144925	0.138038
0.247285	0.0551826	0.0162625	0.057529
0.247516	0.0405206	-0.0634494	0.0752844
0.247747	0.0940823	-0.0430027	0.103444
0.247978	0.0913289	-0.0585259	0.108472
0.248209	0.0124851	0.049825	0.0513655
0.24844	0.00927735	0.0886773	0.0891613
0.248671	0.120368	0.0174764	0.12163
0.248902	0.0688273	0.0228204	0.0725119
0.249133	0.110135	-0.000752769	0.110137
0.249364	0.0480075	-0.0357734	0.0598704
0.249595	0.0154555	0.0738051	0.075406
0.249826	0.110162	0.0327284	0.114921
0.250057	0.0287679	-0.0052965	0.0292514
0.250288	0.106255	0.0239597	0.108923
0.250519	0.031311	-0.0554945	0.0637183
0.250751	-0.0050727	0.0307482	0.0311638
0.250982	0.0209079	0.0766737	0.0794733
0.251213	0.0377604	-0.022956	0.0441908
0.251444	-0.0151638	0.0327216	0.0360645
0.251675	0.0248956	-0.0976902	0.100812
0.251906	0.0133531	-0.0369466	0.0392856
0.252136	0.0585802	-0.0368652	0.0692148
0.252367	0.103394	-0.0498793	0.114796
0.252598	0.107164	0.0453627	0.11637
0.252829	-0.00772434	-0.0662774	0.066726
0.25306	0.0157878	0.00897217	0.0181591
0.253291	0.102322	-0.00532362	0.10246
0.253522	0.0195177	-0.0492079	0.0529373
0.253753	0.0252618	0.000773111	0.0252736
0.253985	0.0581801	0.0533651	0.0789478
0.254216	0.201362	0.0560438	0.209016
0.254447	-0.0188395	0.02162	0.0286767
0.254678	0.124051	-0.0284627	0.127274
0.254909	0.077474	0.0213284	0.0803562
0.255139	0.136359	-0.0625068	0.150003
0.25537	0.0721368	0.0337728	0.0796512
0.255601	-0.00513374	-0.0543688	0.0546106
0.255832	0.0862969	-0.0162218	0.0878084
0.256063	0.0834758	-0.0659722	0.106398
0.256294	0.0732083	-0.0838216	0.11129
0.256525	0.0956557	-0.00789388	0.0959808
0.256756	0.0999078	-0.0230509	0.102532
0.256988	0.0465291	-0.00732422	0.0471021
0.257219	0.078871	-0.0276015	0.0835612
0.25745	0.0674506	0.0271742	0.0727188
0.257681	0.0641886	0.0478516	0.0800622
0.257912	0.0595093	-0.0886366	0.106761
0.258143	0.128208	0.0932278	0.15852
0.258373	0.137777	-0.0740017	0.156393
0.258604	0.0652398	-0.0523614	0.0836537
0.258835	0.0872328	-0.0219727	0.0899576
0.259066	0.0662977	0.0361871	0.0755308
0.259297	0.0361192	0.189731	0.193139
0.259528	-0.0156793	0.0794203	0.0809532
0.259759	0.0774129	0.0794678	0.110941
0.25999	0.123881	0.0849202	0.150193
0.260222	0.0639242	-0.0354886	0.0731145
0.260453	0.0479533	0.0296021	0.0563542
0.260684	0.0967882	0.00845676	0.0971569
0.260915	-0.0191989	-0.0708008	0.0733577
0.261146	0.0806749	-0.048957	0.0943675
0.261377	0.0526801	0.018297	0.0557672
0.261607	0.0361464	-0.0408732	0.0545635
0.261838	0.059394	-0.047899	0.0763018
0.262069	0.0587429	0.038425	0.0701941
0.2623	0.0375434	0.0531074	0.0650377
0.262531	0.13564	-0.0057373	0.135762
0.262762	0.163907	0.0438165	0.169662
0.262993	0.0121867	0.00333658	0.0126352
0.263224	0.157817	0.01985	0.15906
0.263455	-0.0164524	-0.00124783	0.0164996
0.263686	0.0509169	-0.0345391	0.0615263
0.263917	0.09198	-0.0791083	0.12132
0.264148	0.00920952	0.0974053	0.0978397
0.264379	0.0448337	0.0140313	0.0469781
0.26461	-0.000142415	0.0780843	0.0780844
0.264841	0.056722	0.0168593	0.0591745
0.265072	0.116035	0.0850966	0.143894
0.265303	0.0636461	0.184475	0.195146
0.265534	0.0701837	0.0241631	0.0742267
0.265765	-0.0018514	0.0166151	0.016718
0.265996	-0.0163303	-0.0215047	0.0270024
0.266227	0.0629679	0.0553996	0.0838694
0.266458	0.0501506	-0.0132921	0.0518822
0.266689	0.0729167	-0.0269979	0.0777543
0.26692	-0.00268554	-0.0351359	0.0352384
0.267151	0.0461087	0.0695597	0.083454
0.267382	0.0606283	0.00261773	0.0606848
0.267613	0.100667	-0.0389811	0.107951
0.267844	-0.00882974	-0.0828451	0.0833143
0.268075	0.0142483	0.0532701	0.0551427
0.268306	-0.0139025	0.0095893	0.0168888
0.268537	0.0603638	0.0690986	0.0917518
0.268768	0.145386	0.0955946	0.173998
0.268999	-0.0180393	0.0146484	0.0232377
0.26923	0.058431	-0.014445	0.06019
0.269461	0.0423177	-6.78147e-005	0.0423178
0.269692	-0.0554335	0.0837945	0.100471
0.269923	0.149679	0.00911458	0.149956
0.270154	0.0623237	0.0243056	0.0668954
0.270385	0.0444878	0.0027398	0.0445721
0.270616	-0.0299683	-0.0605265	0.0675393
0.270847	-0.00532363	0.0205688	0.0212466
0.271078	0.0322198	0.0531074	0.0621169
0.271309	0.038364	-0.0317925	0.0498253
0.27154	0.0327962	0.113417	0.118063
0.271771	0.0741374	0.0532701	0.0912911
0.272002	0.00379096	0.0227186	0.0230328
0.272233	0.0545993	0.0180528	0.0575065
0.272464	0.0878296	0.0583157	0.105427
0.272695	0.023641	0.00402154	0.0239806
0.272926	0.0807224	0.0134956	0.0818427
0.273157	0.113274	-0.00534397	0.1134
0.273388	0.121657	0.0298937	0.125276
0.273619	0.0234443	-0.0017768	0.0235115
0.27385	0.0506185	0.0243869	0.0561868
0.274081	0.0835232	0.000617133	0.0835255
0.274312	0.109504	-0.0457086	0.118661
0.274543	0.106486	0.00183784	0.106502
0.274774	0.0492486	-0.0216471	0.0537961
0.275005	0.0453898	0.000752769	0.0453961
0.275236	0.0277846	0.0763618	0.0812595
0.275467	0.0763821	-0.0211046	0.0792441
0.275698	0.0509711	-0.0222236	0.0556053
0.275929	0.119887	0.013326	0.120625
0.27616	0.0751682	-0.0888672	0.116394
0.276391	-0.0794339	0.0511542	0.0944801
0.276622	0.0632256	0.0521105	0.0819328
0.276853	-0.0235392	-0.0243598	0.0338747
0.277084	0.0330065	-0.0543213	0.0635628
0.277315	0.0190633	0.0500285	0.0535375
0.277546	0.101501	-0.0215047	0.103755
0.277777	0.107103	-0.00394694	0.107176
0.278008	0.0938585	-0.0799696	0.123307
0.278239	0.124125	-0.0279134	0.127225
0.27847	0.0942518	0.0286797	0.0985187
0.278701	0.0616252	0.0533108	0.0814844
0.278932	0.0982734	0.00564236	0.0984352
0.279163	0.0949978	-0.000454379	0.0949989
0.279394	0.0755141	0.0331557	0.0824722
0.279625	0.0757175	0.0909356	0.118332
0.279856	-0.0270657	0.0268351	0.038114
0.280087	0.0505642	-0.001926	0.0506009
0.280318	0.00956896	0.0122274	0.0155266
0.280549	0.0802477	-0.0340237	0.0871625
0.28078	0.0252753	-0.0579631	0.0632342
0.281011	0.0565118	0.00231933	0.0565593
0.281242	0.0833537	-0.0146281	0.0846275
0.281473	0.00215657	-0.0616726	0.0617103
0.281704	0.0374213	-0.109578	0.115792
0.281935	0.0265503	-0.00851101	0.0278811
0.282166	0.00368924	-0.0360921	0.0362802
0.282397	0.00370958	-0.00404866	0.00549114
0.282628	0.0388862	-0.0197618	0.0436195
0.282859	-0.00933838	-0.0827162	0.0832417
0.28309	-0.0328234	-0.0380588	0.0502578
0.283321	0.0583971	0.118083	0.131734
0.283552	0.0323147	0.0485501	0.0583211
0.283783	0.00821262	0.0311076	0.0321734
0.284014	0.0652262	0.0328301	0.0730225
0.284245	-0.00950114	-0.0214505	0.0234605
0.284476	0.0667928	0.00495063	0.066976
0.284707	0.00568305	-0.0459391	0.0462893
0.284938	-0.0298801	-0.00861952	0.0310985
0.285169	0.0709229	-0.0985446	0.121413
0.2854	0.0274319	0.0562269	0.0625618
0.285631	0.0808648	0.0356242	0.088364
0.285862	-0.00994195	0.0417548	0.0429221
0.286093	0.0803223	-0.0945299	0.124047
0.286324	0.0365329	-0.0149604	0.0394774
0.286555	0.0696004	-0.0361193	0.0784144
0.286786	0.0815769	0.019165	0.0837979
0.287017	0.0598823	0.0221354	0.0638425
0.287248	0.0850559	0.0284763	0.0896962
0.287479	0.0285712	-0.0692613	0.074923
0.28771	0.0928616	0.0462375	0.103736
0.287941	-0.00847711	-0.00230577	0.0087851
0.288172	0.0307278	-0.0599501	0.0673662
0.288403	0.0365058	0.0253432	0.0444404
0.288634	0.104553	-0.0200128	0.106451
0.288865	0.0117933	-0.000610352	0.0118091
0.289096	0.00464545	0.00316705	0.00562232
0.289327	0.0867378	-0.0687256	0.110665
0.289558	0.0332913	0.0401272	0.0521393
0.289789	0.00352648	-0.015347	0.0157469
0.29002	0.0440335	0.032898	0.0549656
0.290251	0.103882	-0.0081109	0.104198
0.290482	0.132094	0.069241	0.149141
0.290713	0.0819024	-0.091546	0.122836
0.290944	-0.0243123	0.00187174	0.0243843
0.291175	0.0671455	-0.0158759	0.0689968
0.291406	-0.0918986	-0.0149197	0.0931018
0.291637	0.0296631	0.000840934	0.029675
0.291868	0.0431044	-0.0179647	0.0466982
0.292099	0.0769925	0.0398695	0.0867031
0.29233	0.0549249	-0.0560574	0.0784804
0.292561	0.0804172	-0.00116645	0.0804257
0.292792	0.0275676	0.0297716	0.0405748
0.293023	0.0590549	0.0363905	0.0693668
0.293254	-0.0224948	-0.0348375	0.0414689
0.293485	0.0494317	-0.0190498	0.0529753
0.293716	0.0449422	0.000840932	0.0449501
0.293947	0.0062934	0.0352376	0.0357952
0.294178	0.010281	0.0176392	0.0204167
0.294409	0.0470242	0.00233968	0.0470824
0.29464	0.0270454	0.117398	0.120473
0.294871	0.00541856	-0.016527	0.0173926
0.295102	0.0404188	-0.00786675	0.0411773
0.295333	0.00429959	-0.0735474	0.0736729
0.295564	0.0305311	-0.0612183	0.0684093
0.295795	0.0664537	-0.0390286	0.077067
0.296026	0.0931939	-0.0460341	0.103943
0.296257	0.113017	-0.0858019	0.141897
0.296488	0.0758803	-0.000440809	0.0758815
0.296719	0.00814481	-0.0786472	0.0790678
0.29695	-0.00421143	-0.0748088	0.0749272
0.297181	-0.0781114	0.0523004	0.0940038
0.297412	-0.0506253	-0.0603909	0.0788034
0.297643	0.0772502	0.0640394	0.100343
0.297874	0.0677694	0.031406	0.0746929
0.298105	0.0988295	-0.0428535	0.10772
0.298336	0.108154	-0.0374891	0.114467
0.298567	0.0268758	0.014662	0.0306151
0.298798	0.0310059	-0.0164049	0.0350783
0.299029	0.0226644	0.126017	0.128039
0.29926	-0.0129123	-0.00254313	0.0131604
0.299491	0.0740763	-0.0391914	0.0838049
0.299722	0.0277507	0.0761312	0.0810312
0.299953	-0.0118408	-0.102159	0.102843
0.300184	-0.0109456	0.0401204	0.0415867
0.300415	0.0875787	0.0660672	0.109704
0.300646	0.10654	0.0243395	0.109285
0.300877	0.0607029	-0.011244	0.0617354
0.301108	0.0587633	0.0446167	0.0737819
0.301339	0.0725708	-0.0420532	0.0838749
0.30157	0.0801663	-0.0127564	0.0811749
0.301801	0.0656671	0.0716621	0.0971988
0.302032	0.167345	0.0493842	0.174479
0.302263	0.0116916	-0.0277846	0.0301443
0.302494	0.0626085	0.0566203	0.0844138
0.302725	0.055108	-0.0406765	0.0684943
0.302956	0.019755	-0.0326945	0.0381994
0.303187	0.104526	0.0716281	0.126713
0.303418	0.117377	0.0387031	0.123594
0.303649	0.144986	0.0250109	0.147127
0.30388	0.0701701	-0.0669217	0.0969657
0.304111	-0.0680542	0.0499742	0.0844322
0.304342	0.0208198	0.0185072	0.0278564
0.304573	0.0901557	0.0270454	0.0941249
0.304804	0.0206638	0.0117798	0.0237856
0.305035	0.0202908	0.0259128	0.0329119
0.305266	0.0305515	-0.0251668	0.0395824
0.305497	0.0139228	0.0465563	0.0485935
0.305728	0.0264079	0.0535617	0.059718
0.305959	-0.00854492	0.0304023	0.0315803
0.30619	0.0529243	0.0102539	0.0539085
0.306421	-0.0166965	-0.0666097	0.0686704
0.306652	0.0272013	0.0431315	0.0509926
0.306883	-0.0295071	0.0660875	0.0723756
0.307114	0.0308363	0.119303	0.123224
0.307345	0.0378079	-0.07685	0.0856467
0.307576	0.0234036	-0.0508762	0.056001
0.307807	0.0419379	-0.0313314	0.0523493
0.308038	0.0914307	-0.0491062	0.103783
0.308269	0.0218981	0.0309041	0.037876
0.3085	-0.000440804	0.053677	0.0536788
0.308731	0.0886163	-0.0213759	0.091158
0.308962	0.0206163	0.0362345	0.041689
0.309193	0.105937	0.0906372	0.139419
0.309424	0.0414971	-0.0142212	0.0438663
0.309655	0.0213759	0.0463053	0.0510011
0.309886	0.0985718	0.0769586	0.125056
0.310117	0.0227865	0.0463799	0.0516752
0.310348	0.0555895	0.0488417	0.073998
0.310579	0.0494656	0.0158759	0.0519509
0.31081	0.0141059	0.0362752	0.0389213
0.311041	0.0282864	0.0436808	0.0520397
0.311272	-0.00226509	0.0288968	0.0289854
0.311503	0.0771824	-0.0485501	0.0911824
0.311734	0.0265571	-0.00181071	0.0266187
0.311965	0.0426161	-0.0140652	0.0448772
0.312196	-0.00572375	0.00857205	0.0103073
0.312427	0.116794	0.00694444	0.117
0.312658	0.0405952	-0.0572306	0.0701663
0.312889	0.0319417	0.0666504	0.0739091
0.31312	0.1545	0.0242852	0.156397
0.313351	0.138862	-0.0341661	0.143003
0.313582	0.03538	-0.103767	0.109632
0.313813	0.0634427	0.0178765	0.0659131
0.314044	0.0942858	0.0138957	0.0953042
0.314275	0.0363159	-0.0239054	0.0434778
0.314506	-0.0245226	0.0321181	0.0404095
0.314737	0.0506253	-0.0319553	0.059867
0.314968	0.0112237	-0.0236003	0.0261332
0.315199	0.0297241	0.132087	0.13539
0.31543	0.0713908	0.00548638	0.0716013
0.315661	-0.0145128	-0.00854492	0.0168415
0.315892	0.0842692	0.016276	0.0858266
0.316123	0.0325928	0.0119493	0.0347142
0.316354	0.0511475	-0.0828993	0.0974082
0.316585	0.0955743	0.0370348	0.102499
0.316816	0.0572781	0.0526191	0.0777788
0.317047	0.0618693	-0.0588447	0.0853845
0.317278	0.148485	0.000542538	0.148486
0.317509	0.0924547	0.0101047	0.0930053
0.31774	0.0883993	-0.0866157	0.123761
0.317971	0.108975	-0.00745985	0.10923
0.318202	0.0772027	-0.0180596	0.0792869
0.318433	0.0694648	0.0389676	0.0796481
0.318664	-0.00405545	-0.0273302	0.0276294
0.318895	0.00653754	0.0677694	0.068084
0.319126	0.0657417	0.00460476	0.0659027
0.319357	0.00937908	0.0508626	0.0517201
0.319588	0.0623169	0.0309041	0.0695591
0.319819	0.00946724	-0.0362278	0.0374443
0.32005	-0.0160183	0.0585395	0.0606915
0.320281	0.0331557	-0.00391981	0.0333866
0.320512	0.0565592	0.0355564	0.0668072
0.320743	0.0406969	0.0304362	0.0508193
0.320974	0.0775553	0.0347833	0.0849983
0.321205	-0.0475532	-0.0963542	0.10745
0.321436	-0.0156996	0.00261094	0.0159152
0.321667	0.0539347	-0.0919461	0.106598
0.321898	-0.0308499	-0.00188531	0.0309074
0.322129	0.043335	0.0471259	0.0640216
0.32236	0.0897624	-0.0486518	0.102099
0.322591	0.0100301	0.0578749	0.0587376
0.322822	0.0120171	-0.0647244	0.0658305
0.323053	0.065979	-0.102865	0.122206
0.323284	-0.0559692	0.00214301	0.0560103
0.323515	-0.0190769	0.0500895	0.0535993
0.323746	0.0518392	0.0448066	0.0685196
0.323977	0.00443522	0.067905	0.0680497
0.324208	0.136868	-0.0537381	0.14704
0.324439	0.0597873	0.0188802	0.0626976
0.32467	-0.0422702	-0.0186835	0.0462152
0.324901	0.0186361	0.0106812	0.02148
0.325132	0.0118205	-0.00614421	0.013322
0.325363	-0.00996229	0.00691054	0.0121245
0.325594	-0.00942654	-0.0452203	0.0461923
0.325825	0.0488146	0.0618693	0.0788078
0.326056	0.0506524	0.0551758	0.0749002
0.326287	0.113105	0.00741238	0.113348
0.326518	0.0597263	-0.014011	0.0613477
0.326749	0.0790202	0.0140923	0.080267
0.32698	0.0490994	-0.021403	0.0535615
0.327211	0.0884128	0.047404	0.100319
0.327442	0.055264	0.062344	0.083312
0.327673	0.162516	-0.0427111	0.168035
0.327904	0.0499674	0.0685357	0.0848168
0.328135	0.0761651	-0.113973	0.13708
0.328366	0.104485	-0.0883314	0.13682
0.328597	-0.0450439	-0.0414293	0.0611992
0.328828	-0.00930447	0.0221625	0.0240365
0.329059	-0.0107083	0.0645209	0.0654035
0.32929	0.0097385	-0.0908881	0.0914084
0.329521	-0.010437	0.0317044	0.0333781
0.329752	0.0849067	-0.0111966	0.0856417
0.329983	0.0647719	0.0628798	0.0902733
0.330214	0.0523885	-0.0975884	0.110761
0.330445	0.0553996	0.0256619	0.0610545
0.330676	0.142849	-0.0588175	0.154484
0.330907	0.0661146	-0.00223795	0.0661525
0.331138	0.0570475	-0.00852458	0.0576809
0.331369	0.0371636	-0.0329319	0.0496552
0.3316	0.0145196	0.0852661	0.0864935
0.331831	0.03734	0.0156657	0.040493
0.332062	-0.0230645	-0.00837538	0.0245381
0.332293	0.0498929	0.00235325	0.0499483
0.332524	0.082567	0.0253228	0.0863629
0.332755	-0.0173001	0.0869819	0.0886856
0.332986	0.0719198	0.00130886	0.0719317
0.333217	0.0962389	0.0230645	0.0989641
0.333448	-0.0281643	0.119195	0.122477
0.333679	0.00507948	-0.0165337	0.0172964
0.33391	-0.00177002	-0.0275133	0.0275702
0.334141	0.0757853	-0.0138957	0.0770487
0.334372	0.0854764	-0.0133057	0.0865058
0.334603	0.00346544	-0.0238444	0.0240949
0.334834	0.0858358	0.0187785	0.0878659
0.335065	0.0660672	0.0239665	0.0702799
0.335296	0.0987888	-0.0604452	0.115814
0.335527	0.0764567	-0.0542128	0.0937265
0.335758	0.130249	-0.0178087	0.131461
0.335989	0.00408258	0.105815	0.105893
0.33622	0.0319756	0.0302599	0.0440239
0.336451	-0.0350545	-0.0702108	0.0784753
0.336682	0.111172	0.0998739	0.149446
0.336913	-0.048428	-0.0442641	0.0656093
0.337144	0.134311	-0.0149468	0.13514
0.337375	0.0980971	-0.0184597	0.0998188
0.337606	0.0350681	-0.0458442	0.0577188
0.337837	0.0280423	0.00684272	0.0288651
0.338068	0.096205	-0.021932	0.0986732
0.338299	0.104763	-0.0727403	0.12754
0.33853	0.0423313	0.0764092	0.0873516
0.338761	0.0783217	0.0394016	0.0876742
0.338992	0.0692546	0.0149197	0.0708434
0.339223	0.0396118	-0.0288018	0.0489759
0.339454	-0.0384522	0.00397407	0.038657
0.339685	0.0720893	0.092943	0.117623
0.339916	0.065389	-0.00990804	0.0661354
0.340147	0.0208605	0.038954	0.0441879
0.340378	-0.0495063	-0.00364176	0.0496401
0.340609	0.0997247	0.0453152	0.109538
0.34084	0.0785455	-0.0178426	0.0805466
0.341071	-0.0162218	-0.00166151	0.0163067
0.341302	-0.0116102	-0.0202705	0.02336
0.341533	0.0513916	0.0181342	0.0544972
0.341764	0.0115967	0.0894708	0.0902192
0.341995	0.010498	0.00199382	0.0106857
0.342226	0.0481296	-0.0625882	0.078954
0.342457	0.0181478	0.040351	0.0442442
0.342688	-0.0158149	0.0122545	0.0200071
0.342919	-0.0139635	0.0113186	0.0179747
0.34315	0.0494317	0.0348443	0.0604782
0.343381	0.0242988	0.0147095	0.0284042
0.343612	0.04619	0.0363024	0.0587485
0.343843	0.0152452	-0.0570204	0.0590232
0.344074	-0.0206502	-0.0432875	0.0479608
0.344305	0.0908542	0.0358005	0.0976533
0.344536	0.0316569	0.063992	0.0713942
0.344767	0.0273438	0.00562202	0.0279157
0.344998	0.0244141	0.0563829	0.0614417
0.345229	0.0860664	-0.0104302	0.0866961
0.34546	0.0232544	-0.0296631	0.0376917
0.345691	0.0143704	-0.0222439	0.0264821
0.345922	0.0935601	-0.0342136	0.0996196
0.346153	0.0479465	0.00320096	0.0480532
0.346384	0.0842421	-0.044359	0.0952074
